
#####Generation n° 51#####
0.121740 -0.637843 -0.914055 -0.050081 fitness: 0.042328, score 21164
0.846330 -0.649615 -0.915055 -0.052081 fitness: 0.041156, score 20578
0.245451 -0.639843 -0.867944 -0.612842 fitness: 0.012912, score 6456
0.848330 -0.906675 -0.866944 -0.050081 fitness: 0.038504, score 19252
0.310630 -0.660627 -0.084043 -0.612842 fitness: 0.008084, score 4042
0.849330 -0.647615 -0.914055 -0.055081 fitness: 0.039934, score 19967
0.843245 -0.660627 -0.913055 -0.052081 fitness: 0.039934, score 19967
0.851330 -0.659627 -0.911055 -0.129114 fitness: 0.032600, score 16300
0.847330 -0.646615 -0.914055 -0.055081 fitness: 0.039934, score 19967
0.244451 -0.197489 -0.914055 -0.131114 fitness: 0.079788, score 39894
0.310630 -0.902817 -0.086043 -0.127114 fitness: 0.009402, score 4701
0.850330 -0.646615 -0.908055 -0.053081 fitness: 0.039934, score 19967
0.848330 -0.687301 -0.915055 -0.049081 fitness: 0.035204, score 17602
0.244451 -0.661627 -0.913055 -0.053081 fitness: 0.039734, score 19867
0.850330 -0.903675 -0.913055 -0.127114 fitness: 0.043378, score 21689
0.849330 -0.661627 -0.914055 -0.052081 fitness: 0.039934, score 19967
0.120740 -0.639843 -0.866944 -0.612842 fitness: 0.012912, score 6456
0.849330 -0.197489 -0.910055 -0.130114 fitness: 0.085218, score 42609
0.245451 -0.687301 -0.914055 -0.049081 fitness: 0.046596, score 23298
0.244451 -0.636843 -0.913055 -0.131114 fitness: 0.038006, score 19003
0.848330 -0.903675 -0.912055 -0.053081 fitness: 0.039286, score 19643
0.243451 -0.904675 -0.910055 -0.053081 fitness: 0.039792, score 19896
0.121740 -0.193489 -0.909055 -0.130114 fitness: 0.099152, score 49576
0.245451 -0.637843 -0.914055 -0.129114 fitness: 0.038480, score 19240
0.849330 -0.647615 -0.913055 -0.050081 fitness: 0.041156, score 20578

BEST GENE
0.121740 -0.193489 -0.909055 -0.130114 