
#####Generation n° 28#####
0.199162 -0.637843 -0.491333 -0.063801 fitness: 0.043176, score 21588
0.241451 -0.193489 -0.865944 -0.061801 fitness: 0.100576, score 50288
0.129180 -0.763656 -0.866944 -0.050081 fitness: 0.037044, score 18522
0.203162 -0.477354 -0.421131 -0.060801 fitness: 0.033180, score 16590
0.407000 -0.931581 -0.865944 -0.063801 fitness: 0.036962, score 18481
0.242451 -0.277339 -0.424131 -0.154260 fitness: 0.032412, score 16206
0.200162 -0.192489 -0.446289 -0.060801 fitness: 0.038366, score 19183
0.240451 -0.775244 -0.445289 -0.061801 fitness: 0.047936, score 23968
0.475442 -0.277339 -0.422131 -0.153260 fitness: 0.021462, score 10731
0.376444 -0.637843 -0.491333 -0.061801 fitness: 0.034542, score 17271
0.243451 -0.190489 -0.491333 -0.154260 fitness: 0.028958, score 14479
0.239451 -0.777244 -0.425131 -0.013709 fitness: 0.045588, score 22794
0.477442 -0.637843 -0.980618 -0.002709 fitness: 0.056518, score 28259
0.240451 -0.777244 -0.422131 -0.156260 fitness: 0.031432, score 15716
0.374444 -0.219684 -0.983618 -0.689109 fitness: 0.013096, score 6548
0.239451 -0.193489 -0.446289 -0.060801 fitness: 0.063030, score 31515
0.241451 -0.194489 -0.446289 -0.157260 fitness: 0.031914, score 15957
0.474442 -0.277339 -0.491333 -0.155260 fitness: 0.029268, score 14634
0.477442 -0.635843 -0.491333 -0.156260 fitness: 0.029928, score 14964
0.475442 -0.637843 -0.491333 -0.156260 fitness: 0.029928, score 14964
0.473442 -0.637843 -0.492333 -0.154260 fitness: 0.029646, score 14823
0.476442 -0.478354 -0.863944 -0.609842 fitness: 0.021278, score 10639
0.201162 -0.732907 -0.462064 -0.152260 fitness: 0.035616, score 17808
0.241451 -0.190489 -0.386807 -0.154260 fitness: 0.033506, score 16753
0.130180 -0.764656 -0.461064 -0.609842 fitness: 0.010206, score 5103

BEST GENE
0.241451 -0.193489 -0.865944 -0.061801 