
#####Generation n° 43#####
0.242451 -0.904675 -0.869944 -0.611842 fitness: 0.012840, score 6420
0.843245 -0.687301 -0.912055 -0.052081 fitness: 0.034990, score 17495
0.246451 -0.688301 -0.914055 -0.126114 fitness: 0.034060, score 17030
0.452233 -0.192489 -0.864944 -0.054081 fitness: 0.072526, score 36263
0.848330 -0.638843 -0.866944 -0.003252 fitness: 0.061782, score 30891
0.122740 -0.648615 -0.913055 -0.053081 fitness: 0.049264, score 24632
0.244451 -0.661627 -0.910055 -0.752304 fitness: 0.012868, score 6434
0.454233 -0.646615 -0.866944 -0.128114 fitness: 0.035414, score 17707
0.844245 -0.686301 -0.911055 -0.131114 fitness: 0.043360, score 21680
0.847330 -0.637843 -0.864944 -0.754304 fitness: 0.012120, score 6060
0.847330 -0.639843 -0.864944 -0.939217 fitness: 0.012076, score 6038
0.121740 -0.637843 -0.864944 -0.053081 fitness: 0.046460, score 23230
0.244451 -0.906675 -0.864944 -0.610842 fitness: 0.012840, score 6420
0.244451 -0.904675 -0.913055 -0.611842 fitness: 0.015182, score 7591
0.243451 -0.194489 -0.865944 -0.052081 fitness: 0.062162, score 31081
0.244451 -0.905675 -0.870944 -0.612842 fitness: 0.012840, score 6420
0.241451 -0.638843 -0.867944 -0.613842 fitness: 0.013556, score 6778
0.845245 -0.664627 -0.994741 -0.129114 fitness: 0.025462, score 12731
0.845245 -0.638843 -0.866944 -0.000709 fitness: 0.061522, score 30761
0.245451 -0.687301 -0.868944 -0.052081 fitness: 0.036266, score 18133
0.845245 -0.687301 -0.866944 -0.614842 fitness: 0.011916, score 5958
0.450233 -0.660627 -0.079176 -0.050081 fitness: 0.014090, score 7045
0.453233 -0.645615 -0.865944 -0.129114 fitness: 0.035414, score 17707
0.244451 -0.687301 -0.912055 -0.054081 fitness: 0.034858, score 17429
0.841245 -0.193489 -0.864944 -0.612842 fitness: 0.015148, score 7574

BEST GENE
0.452233 -0.192489 -0.864944 -0.054081 