
#####Generation n° 2#####
0.784829 -0.038106 -0.492333 -0.261847 fitness: 0.028008, score 14004
0.478826 -0.028196 -0.381953 -0.434170 fitness: 0.010478, score 5239
0.680730 -0.247190 -0.866944 -0.007709 fitness: 0.063820, score 31910
0.950504 -0.828318 -0.397853 -0.488003 fitness: 0.012814, score 6407
0.479442 -0.288953 -0.135563 -0.841334 fitness: 0.005728, score 2864
0.746099 -0.185432 -0.585378 -0.450834 fitness: 0.020018, score 10009
0.796585 -0.828318 -0.216433 -0.472726 fitness: 0.010202, score 5101
0.745099 -0.729907 -0.583378 -0.006709 fitness: 0.031296, score 15648
0.063232 -0.239690 -0.395853 -0.889261 fitness: 0.005698, score 2849
0.026572 -0.565172 -0.056659 -0.148260 fitness: 0.011626, score 5813
0.065232 -0.839414 -0.493333 -0.367392 fitness: 0.013492, score 6746
0.370908 -0.188489 -0.028855 -0.890940 fitness: 0.003764, score 1882
0.369908 -0.189489 -0.866944 -0.360321 fitness: 0.022468, score 11234
0.572202 -0.701216 -0.109627 -0.823139 fitness: 0.007396, score 3698
0.299549 -0.989894 -0.721706 -0.931151 fitness: 0.010218, score 5109
0.478442 -0.247561 -0.027855 -0.890940 fitness: 0.004730, score 2365
0.146747 -0.246190 -0.111627 -0.281754 fitness: 0.011072, score 5536
0.043749 -0.235630 -0.072839 -0.262847 fitness: 0.008248, score 4124
0.679730 -0.729907 -0.866944 -0.005709 fitness: 0.052696, score 26348
0.679730 -0.727907 -0.670248 -0.007709 fitness: 0.033608, score 16804
0.795585 -0.233630 -0.480435 -0.360321 fitness: 0.015308, score 7654
0.972902 -0.191166 -0.302633 -0.603507 fitness: 0.009458, score 4729
0.018214 -0.829318 -0.480435 -0.823158 fitness: 0.008926, score 4463
0.483207 -0.567172 -0.027855 -0.889940 fitness: 0.004850, score 2425
0.016214 -0.184432 -0.491333 -0.450834 fitness: 0.010976, score 5488

BEST GENE
0.680730 -0.247190 -0.866944 -0.007709 