
#####Generation n° 22#####
0.241451 -0.733907 -0.497333 -0.005709 fitness: 0.028342, score 14171
0.018214 -0.306335 -0.860944 -0.974238 fitness: 0.006164, score 3082
0.474442 -0.189489 -0.486581 -0.159167 fitness: 0.024848, score 12424
0.019214 -0.277339 -0.983618 -0.160167 fitness: 0.039362, score 19681
0.473442 -0.479354 -0.391807 -0.152260 fitness: 0.020646, score 10323
0.018214 -0.189489 -0.496333 -0.005709 fitness: 0.059344, score 29672
0.743100 -0.191489 -0.493333 -0.151260 fitness: 0.027358, score 13679
0.170413 -0.730907 -0.444289 -0.153260 fitness: 0.015104, score 7552
0.965330 -0.733907 -0.497333 -0.006709 fitness: 0.031492, score 15746
0.241451 -0.731907 -0.393807 -0.153260 fitness: 0.018090, score 9045
0.099599 -0.681979 -0.152302 -0.474892 fitness: 0.007836, score 3918
0.743100 -0.730907 -0.391807 -0.011709 fitness: 0.026062, score 13031
0.481577 -0.477354 -0.497333 -0.151260 fitness: 0.026830, score 13415
0.018214 -0.193489 -0.868944 -0.974238 fitness: 0.005436, score 2718
0.475442 -0.732907 -0.443289 -0.001709 fitness: 0.034138, score 17069
0.475442 -0.191489 -0.869944 -0.155260 fitness: 0.086284, score 43142
0.022214 -0.732907 -0.476435 -0.006709 fitness: 0.025080, score 12540
0.241451 -0.813767 -0.422131 -0.159167 fitness: 0.014540, score 7270
0.242451 -0.480354 -0.865944 -0.151260 fitness: 0.032428, score 16214
0.742100 -0.189489 -0.479435 -0.006709 fitness: 0.069092, score 34546
0.480577 -0.277339 -0.497333 -0.003709 fitness: 0.041642, score 20821
0.015214 -0.481354 -0.498333 -0.843334 fitness: 0.009116, score 4558
0.473442 -0.186489 -0.497333 -0.153260 fitness: 0.040558, score 20279
0.744099 -0.187489 -0.391807 -0.008709 fitness: 0.049928, score 24964
0.242451 -0.813767 -0.423131 -0.911351 fitness: 0.007804, score 3902

BEST GENE
0.475442 -0.191489 -0.869944 -0.155260 