
#####Generation n° 40#####
0.453233 -0.904675 -0.866944 -0.000709 fitness: 0.044602, score 22301
0.842245 -0.687301 -0.866944 -0.751304 fitness: 0.012890, score 6445
0.244451 -0.639843 -0.911055 -0.611842 fitness: 0.011830, score 5915
0.246451 -0.114948 -0.864944 -0.770724 fitness: 0.008700, score 4350
0.451233 -0.906675 -0.862944 0.000291 fitness: 0.017738, score 8869
0.453233 -0.904675 -0.912055 -0.003252 fitness: 0.039618, score 19809
0.243451 -0.192489 -0.005002 -0.051081 fitness: 0.012652, score 6326
0.453233 -0.905675 -0.912055 -0.127114 fitness: 0.033268, score 16634
0.005450 -0.647615 -0.863944 -0.002252 fitness: 0.045682, score 22841
0.243451 -0.192489 -0.862944 -0.052081 fitness: 0.074740, score 37370
0.245451 -0.217684 -0.863944 -0.770724 fitness: 0.009468, score 4734
0.243451 -0.906675 -0.868944 -0.613842 fitness: 0.011938, score 5969
0.841245 -0.191489 -0.867944 -0.753304 fitness: 0.009096, score 4548
0.475442 -0.640843 -0.911055 -0.052081 fitness: 0.043704, score 21852
0.122740 -0.559431 -0.076176 -0.052081 fitness: 0.016426, score 8213
0.474442 -0.640843 -0.867944 -0.051081 fitness: 0.032446, score 16223
0.238451 -0.117948 -0.005002 -0.666922 fitness: 0.002756, score 1378
0.848330 -0.321545 -0.401864 -0.663250 fitness: 0.009298, score 4649
0.475442 -0.115948 -0.865944 -0.611842 fitness: 0.013574, score 6787
0.019147 -0.192489 -0.077176 -0.126114 fitness: 0.008482, score 4241
0.453233 -0.193489 -0.994741 -0.001709 fitness: 0.085714, score 42857
0.017147 -0.559431 -0.865944 -0.004252 fitness: 0.029934, score 14967
0.451233 -0.662627 -0.993741 -0.128114 fitness: 0.046088, score 23044
0.477442 -0.639843 -0.864944 -0.052081 fitness: 0.032446, score 16223
0.476442 -0.215684 -0.866944 -0.052081 fitness: 0.076166, score 38083

BEST GENE
0.453233 -0.193489 -0.994741 -0.001709 