
#####Generation n° 12#####
0.474442 -0.189489 -0.479435 -0.009709 fitness: 0.057270, score 28635
0.020214 -0.189489 -0.495333 -0.843334 fitness: 0.006048, score 3024
0.481442 -0.728907 -0.133563 -0.843334 fitness: 0.006566, score 3283
0.480442 -0.189489 -0.494333 -0.148260 fitness: 0.028276, score 14138
0.475442 -0.189489 -0.493333 -0.008709 fitness: 0.089596, score 44798
0.283215 -0.726907 -0.492333 -0.007709 fitness: 0.021966, score 10983
0.757092 -0.449934 -0.246779 -0.979195 fitness: 0.005480, score 2740
0.478442 -0.188489 -0.493333 -0.008709 fitness: 0.107772, score 53886
0.475442 -0.188489 -0.495333 -0.009709 fitness: 0.089596, score 44798
0.477442 -0.191489 -0.494333 -0.007709 fitness: 0.089596, score 44798
0.019214 -0.723907 -0.864944 -0.149260 fitness: 0.038062, score 19031
0.474442 -0.192489 -0.479435 -0.009709 fitness: 0.054084, score 27042
0.020214 -0.726907 -0.865944 -0.149260 fitness: 0.038062, score 19031
0.283215 -0.190489 -0.491333 -0.005709 fitness: 0.089508, score 44754
0.744099 -0.727907 -0.866944 -0.152260 fitness: 0.026686, score 13343
0.478442 -0.726907 -0.867944 -0.931151 fitness: 0.008550, score 4275
0.016214 -0.727907 -0.136563 -0.929151 fitness: 0.005374, score 2687
0.016214 -0.729907 -0.494333 -0.007709 fitness: 0.020112, score 10056
0.019214 -0.728907 -0.868944 -0.149260 fitness: 0.038062, score 19031
0.020214 -0.731907 -0.495333 -0.154260 fitness: 0.018980, score 9490
0.475442 -0.188489 -0.863944 -0.008709 fitness: 0.043484, score 21742
0.019214 -0.729907 -0.865944 -0.151260 fitness: 0.038062, score 19031
0.014214 -0.726907 -0.493333 -0.008709 fitness: 0.027118, score 13559
0.019214 -0.724907 -0.479435 -0.846334 fitness: 0.007428, score 3714
0.743100 -0.187489 -0.864944 -0.149260 fitness: 0.063460, score 31730

BEST GENE
0.478442 -0.188489 -0.493333 -0.008709 