
#####Generation n° 33#####
0.129180 -0.217684 -0.864944 -0.052081 fitness: 0.064714, score 32357
0.239451 -0.196489 -0.446289 -0.610842 fitness: 0.007070, score 3535
0.476442 -0.190489 -0.864944 -0.051081 fitness: 0.068460, score 34230
0.242451 -0.634843 -0.865944 -0.051081 fitness: 0.048040, score 24020
0.801891 -0.487174 -0.656488 -0.317717 fitness: 0.023766, score 11883
0.129180 -0.764656 -0.766239 -0.049081 fitness: 0.029562, score 14781
0.476442 -0.195489 -0.767239 -0.058801 fitness: 0.082042, score 41021
0.239451 -0.188489 -0.768239 -0.612842 fitness: 0.011488, score 5744
0.425215 -0.189489 -0.865944 -0.050081 fitness: 0.111076, score 55538
0.477442 -0.636843 -0.865944 -0.609842 fitness: 0.012588, score 6294
0.243451 -0.156346 -0.767239 -0.003709 fitness: 0.075310, score 37655
0.428215 -0.764656 -0.495333 -0.067801 fitness: 0.038106, score 19053
0.442687 -0.114948 -0.009574 -0.827052 fitness: 0.002544, score 1272
0.240451 -0.637843 -0.445289 -0.608842 fitness: 0.008380, score 4190
0.263469 -0.930551 -0.546271 -0.944051 fitness: 0.009302, score 4651
0.130180 -0.190489 -0.982618 -0.607842 fitness: 0.011792, score 5896
0.474442 -0.219684 -0.865944 0.000291 fitness: 0.016466, score 8233
0.241451 -0.765656 -0.446289 -0.051081 fitness: 0.017962, score 8981
0.474442 -0.188489 -0.865944 -0.000709 fitness: 0.072384, score 36192
0.069326 -0.354623 -0.955907 -0.506023 fitness: 0.013098, score 6549
0.729209 -0.656079 -0.270869 -0.992307 fitness: 0.005742, score 2871
0.128180 -0.764656 -0.865944 -0.049081 fitness: 0.052206, score 26103
0.128180 -0.638843 -0.864944 -0.003709 fitness: 0.048826, score 24413
0.085620 -0.736138 -0.512437 -0.908352 fitness: 0.007516, score 3758
0.476442 -0.187489 -0.983618 -0.608842 fitness: 0.013964, score 6982

BEST GENE
0.425215 -0.189489 -0.865944 -0.050081 