
#####Generation n° 6#####
0.013214 -0.701216 -0.490333 -0.006709 fitness: 0.023416, score 11708
0.017214 -0.028196 -0.721706 -0.932151 fitness: 0.004562, score 2281
0.481826 -0.725907 -0.481435 -0.007709 fitness: 0.044004, score 22002
0.014214 -0.027196 -0.491333 -0.277754 fitness: 0.016066, score 8033
0.949504 -0.726907 -0.133563 -0.007709 fitness: 0.040458, score 20229
0.744099 -0.729907 -0.670248 -0.149260 fitness: 0.044922, score 22461
0.479442 -0.189489 -0.866944 -0.149260 fitness: 0.065028, score 32514
0.745099 -0.027196 -0.867944 -0.841334 fitness: 0.008460, score 4230
0.270757 -0.612920 -0.732622 -0.646353 fitness: 0.011446, score 5723
0.478442 -0.727907 -0.669248 -0.843334 fitness: 0.009646, score 4823
0.678730 -0.729907 -0.868944 -0.005709 fitness: 0.034086, score 17043
0.478442 -0.190489 -0.866944 -0.004709 fitness: 0.067800, score 33900
0.746099 -0.702216 -0.867944 -0.936574 fitness: 0.011792, score 5896
0.479826 -0.238690 -0.133563 -0.436170 fitness: 0.005598, score 2799
0.479442 -0.730907 -0.111627 -0.825139 fitness: 0.006204, score 3102
0.015214 -0.238690 -0.493333 -0.843334 fitness: 0.005352, score 2676
0.480442 -0.700216 -0.866944 -0.007709 fitness: 0.023982, score 11991
0.372908 -0.237690 -0.494333 -0.841334 fitness: 0.006712, score 3356
0.017214 -0.028196 -0.866944 -0.278754 fitness: 0.037206, score 18603
0.678730 -0.196626 -0.866944 -0.823139 fitness: 0.009324, score 4662
0.479826 -0.727907 -0.134563 -0.009709 fitness: 0.030718, score 15359
0.480442 -0.191489 -0.036143 -0.447745 fitness: 0.005868, score 2934
0.480442 -0.726907 -0.667248 -0.151260 fitness: 0.038146, score 19073
0.678730 -0.703216 -0.492333 -0.009709 fitness: 0.042232, score 21116
0.479826 -0.286953 -0.867944 -0.437170 fitness: 0.016544, score 8272

BEST GENE
0.478442 -0.190489 -0.866944 -0.004709 