
#####Generation n° 1#####
0.971902 -0.191166 -0.303633 -0.603507 fitness: 0.006824, score 3412
0.065232 -0.038106 -0.491333 -0.461722 fitness: 0.007222, score 3611
0.064232 -0.191166 -0.057659 -0.460722 fitness: 0.003802, score 1901
0.395490 -0.566172 -0.227646 -0.367392 fitness: 0.006882, score 3441
0.396490 -0.840414 -0.866944 -0.367392 fitness: 0.022186, score 11093
0.017214 -0.185432 -0.329603 -0.449834 fitness: 0.008588, score 4294
0.064232 -0.038106 -0.492333 -0.890261 fitness: 0.004096, score 2048
0.990413 -0.247190 -0.755479 -0.774242 fitness: 0.008342, score 4171
0.785829 -0.404731 -0.072839 -0.262847 fitness: 0.008722, score 4361
0.746099 -0.127831 -0.584378 -0.795340 fitness: 0.008208, score 4104
0.478442 -0.289953 -0.671248 -0.149260 fitness: 0.037652, score 18826
0.045749 -0.235914 -0.135563 -0.842334 fitness: 0.003676, score 1838
0.017214 -0.828318 -0.674590 -0.822158 fitness: 0.006334, score 3167
0.571202 -0.701216 -0.217433 -0.823139 fitness: 0.007510, score 3755
0.147748 -0.349413 -0.110627 -0.281754 fitness: 0.007978, score 3989
0.370908 -0.188489 -0.479435 -0.361321 fitness: 0.017774, score 8887
0.737394 -0.990188 -0.234032 -0.148260 fitness: 0.014002, score 7001
0.795585 -0.829318 -0.110627 -0.473726 fitness: 0.008692, score 4346
0.027572 -0.565172 -0.225646 -0.147260 fitness: 0.012606, score 6303
0.550556 -0.038106 -0.492333 -0.889261 fitness: 0.004786, score 2393
0.043749 -0.234630 -0.479435 -0.360321 fitness: 0.010878, score 5439
0.951504 -0.240690 -0.396853 -0.487003 fitness: 0.011468, score 5734
0.679730 -0.728907 -0.866944 -0.006709 fitness: 0.048624, score 24312
0.015214 -0.406731 -0.479435 -0.262847 fitness: 0.013374, score 6687
0.483207 -0.246561 -0.027855 -0.890940 fitness: 0.003838, score 1919

BEST GENE
0.679730 -0.728907 -0.866944 -0.006709 