
#####Generation n° 48#####
0.121740 -0.193489 -0.909055 -0.055081 fitness: 0.061702, score 30851
0.122740 -0.659627 -0.909055 -0.055081 fitness: 0.031414, score 15707
0.849330 -0.639843 -0.866944 -0.612842 fitness: 0.014202, score 7101
0.849330 -0.905675 -0.866944 -0.053081 fitness: 0.037672, score 18836
0.849330 -0.689301 -0.912055 -0.052081 fitness: 0.049904, score 24952
0.124740 -0.645615 -0.909055 -0.053081 fitness: 0.032784, score 16392
0.125740 -0.660627 -0.865944 -0.052081 fitness: 0.034020, score 17010
0.845245 -0.636843 -0.910055 -0.048081 fitness: 0.048950, score 24475
0.124740 -0.636843 -0.908055 -0.054081 fitness: 0.030670, score 15335
0.122740 -0.197489 -0.912055 -0.054081 fitness: 0.061702, score 30851
0.845245 -0.658627 -0.866944 -0.130114 fitness: 0.030446, score 15223
0.848330 -0.660627 -0.863944 -0.053081 fitness: 0.041562, score 20781
0.244451 -0.195489 -0.910055 -0.054081 fitness: 0.059938, score 29969
0.848330 -0.907675 -0.868944 -0.613842 fitness: 0.008966, score 4483
0.842245 -0.660627 -0.864944 -0.125114 fitness: 0.030446, score 15223
0.121740 -0.905675 -0.909055 -0.054081 fitness: 0.030642, score 15321
0.242451 -0.648615 -0.864944 -0.052081 fitness: 0.032038, score 16019
0.245451 -0.688301 -0.913055 -0.050081 fitness: 0.029164, score 14582
0.849330 -0.195489 -0.863944 -0.050081 fitness: 0.083932, score 41966
0.245451 -0.648615 -0.863944 -0.052081 fitness: 0.032038, score 16019
0.849330 -0.194489 -0.912055 -0.129114 fitness: 0.107720, score 53860
0.122740 -0.688301 -0.914055 -0.050081 fitness: 0.031414, score 15707
0.849330 -0.658627 -0.912055 -0.128114 fitness: 0.029524, score 14762
0.122740 -0.195489 -0.910055 -0.054081 fitness: 0.061702, score 30851
0.453233 -0.637843 -0.865944 -0.611842 fitness: 0.011970, score 5985

BEST GENE
0.849330 -0.194489 -0.912055 -0.129114 