
#####Generation n° 16#####
0.741100 -0.190489 -0.863944 -0.927151 fitness: 0.008494, score 4247
0.477442 -0.188489 -0.495333 -0.843334 fitness: 0.005924, score 2962
0.476442 -0.726907 -0.497333 -0.005709 fitness: 0.024594, score 12297
0.015214 -0.727907 -0.496333 -0.927151 fitness: 0.006270, score 3135
0.018214 -0.479354 -0.495333 -0.153260 fitness: 0.024034, score 12017
0.019214 -0.731907 -0.495333 -0.008709 fitness: 0.021002, score 10501
0.500853 -0.478354 -0.493333 -0.842334 fitness: 0.008094, score 4047
0.743100 -0.191489 -0.493333 -0.842334 fitness: 0.005906, score 2953
0.014214 -0.727907 -0.495333 -0.006709 fitness: 0.021002, score 10501
0.013214 -0.728907 -0.863944 -0.927151 fitness: 0.008676, score 4338
0.018214 -0.189489 -0.479435 -0.006709 fitness: 0.051462, score 25731
0.014214 -0.188489 -0.494333 -0.007709 fitness: 0.053390, score 26695
0.012214 -0.726907 -0.496333 -0.155260 fitness: 0.019842, score 9921
0.020214 -0.733907 -0.496333 -0.840334 fitness: 0.006804, score 3402
0.476442 -0.188489 -0.495333 -0.843334 fitness: 0.005924, score 2962
0.477442 -0.188489 -0.868944 -0.003709 fitness: 0.073518, score 36759
0.284215 -0.189489 -0.867944 -0.006709 fitness: 0.062804, score 31402
0.015214 -0.727907 -0.495333 -0.007709 fitness: 0.020322, score 10161
0.479442 -0.188489 -0.495333 -0.842334 fitness: 0.005448, score 2724
0.008471 -0.992164 -0.697537 -0.274566 fitness: 0.016732, score 8366
0.020214 -0.731907 -0.494333 -0.152260 fitness: 0.019842, score 9921
0.192878 -0.786793 -0.769287 -0.487833 fitness: 0.016488, score 8244
0.477442 -0.480354 -0.706040 -0.155260 fitness: 0.041860, score 20930
0.476442 -0.188489 -0.866944 -0.842334 fitness: 0.010128, score 5064
0.474442 -0.733907 -0.479435 -0.841334 fitness: 0.009696, score 4848

BEST GENE
0.477442 -0.188489 -0.868944 -0.003709 