
#####Generation n° 36#####
0.243451 -0.218684 -0.867944 -0.051081 fitness: 0.064986, score 32493
0.475442 -0.192489 -0.863944 -0.051081 fitness: 0.084460, score 42230
0.068934 -0.661627 -0.992741 -0.942822 fitness: 0.009888, score 4944
0.128180 -0.633843 -0.868944 -0.612842 fitness: 0.014070, score 7035
0.244451 -0.632843 -0.868944 -0.609842 fitness: 0.014070, score 7035
0.241451 -0.635843 -0.868944 -0.611842 fitness: 0.014070, score 7035
0.069934 -0.190489 -0.991741 -0.942822 fitness: 0.008050, score 4025
0.441687 -0.632843 -0.764239 -0.944051 fitness: 0.007110, score 3555
0.442687 -0.115948 -0.866944 -0.001709 fitness: 0.036614, score 18307
0.834381 -0.201533 -0.250706 -0.769724 fitness: 0.005250, score 2625
0.128180 -0.216684 -0.764239 -0.608842 fitness: 0.007440, score 3720
0.018147 -0.647615 -0.016540 -0.777675 fitness: 0.004452, score 2226
0.474442 -0.220684 -0.866944 -0.608842 fitness: 0.013940, score 6970
0.243451 -0.634843 -0.868944 -0.611842 fitness: 0.014070, score 7035
0.476442 -0.636843 -0.863944 -0.001709 fitness: 0.042236, score 21118
0.069934 -0.192489 -0.993741 -0.942822 fitness: 0.008050, score 4025
0.922539 -0.683669 -0.910055 -0.000709 fitness: 0.060754, score 30377
0.923539 -0.190489 -0.863944 0.000291 fitness: 0.015124, score 7562
0.443687 -0.636843 -0.865944 -0.051081 fitness: 0.037756, score 18878
0.274403 -0.542426 -0.068689 -0.937028 fitness: 0.004554, score 2277
0.244451 -0.636843 -0.865944 0.000291 fitness: 0.017358, score 8679
0.472442 -0.637843 -0.865944 0.000291 fitness: 0.015420, score 7710
0.474442 -0.633843 -0.912055 -0.608842 fitness: 0.011480, score 5740
0.241370 -0.762656 -0.931296 -0.584729 fitness: 0.015534, score 7767
0.240370 -0.101792 -0.930296 -0.583730 fitness: 0.012552, score 6276

BEST GENE
0.475442 -0.192489 -0.863944 -0.051081 