
#####Generation n° 34#####
0.130180 -0.763656 -0.444289 -0.609842 fitness: 0.009682, score 4841
0.085620 -0.735138 -0.765239 -0.909352 fitness: 0.006602, score 3301
0.129180 -0.637843 -0.865944 -0.051081 fitness: 0.039966, score 19983
0.263469 -0.929551 -0.866944 -0.610842 fitness: 0.012820, score 6410
0.474442 -0.355623 -0.864944 -0.000709 fitness: 0.079008, score 39504
0.477442 -0.636843 -0.865944 -0.051081 fitness: 0.042256, score 21128
0.242451 -0.195489 -0.766239 -0.059801 fitness: 0.048544, score 24272
0.128180 -0.635843 -0.866944 -0.051081 fitness: 0.039888, score 19944
0.441687 -0.115948 -0.546271 -0.944051 fitness: 0.004914, score 2457
0.131180 -0.190489 -0.656488 -0.316717 fitness: 0.023278, score 11639
0.476442 -0.635843 -0.864944 -0.608842 fitness: 0.016192, score 8096
0.129180 -0.190489 -0.864944 -0.052081 fitness: 0.081128, score 40564
0.475442 -0.190489 -0.865944 -0.052081 fitness: 0.081012, score 40506
0.241451 -0.635843 -0.865944 -0.059801 fitness: 0.043206, score 21603
0.475442 -0.633843 -0.865944 -0.050081 fitness: 0.042256, score 21128
0.475442 -0.218684 -0.866944 -0.609842 fitness: 0.012334, score 6167
0.244451 -0.763656 -0.866944 -0.003709 fitness: 0.050474, score 25237
0.086620 -0.765656 -0.513437 -0.907352 fitness: 0.007194, score 3597
0.476442 -0.190489 -0.863944 -0.052081 fitness: 0.081012, score 40506
0.243451 -0.634843 -0.767239 -0.049081 fitness: 0.022932, score 11466
0.243451 -0.633843 -0.866944 -0.610842 fitness: 0.017446, score 8723
0.441687 -0.195489 -0.768239 -0.828052 fitness: 0.007074, score 3537
0.128180 -0.634843 -0.765239 -0.049081 fitness: 0.025406, score 12703
0.477442 -0.196489 -0.766239 -0.059801 fitness: 0.106750, score 53375
0.477442 -0.763656 -0.768239 -0.050081 fitness: 0.028178, score 14089

BEST GENE
0.477442 -0.196489 -0.766239 -0.059801 