
#####Generation n° 18#####
0.017214 -0.482354 -0.479435 -0.154260 fitness: 0.025020, score 12510
0.020214 -0.732907 -0.869944 -0.004709 fitness: 0.032334, score 16167
0.016214 -0.478354 -0.494333 -0.152260 fitness: 0.025628, score 12814
0.740100 -0.187489 -0.866944 -0.004709 fitness: 0.046242, score 23121
0.741100 -0.190489 -0.868944 -0.003709 fitness: 0.046242, score 23121
0.481442 -0.190489 -0.497333 -0.153260 fitness: 0.031100, score 15550
0.740100 -0.990164 -0.495333 -0.152260 fitness: 0.021290, score 10645
0.743100 -0.191489 -0.479435 -0.009709 fitness: 0.083458, score 41729
0.475442 -0.188489 -0.499333 -0.005709 fitness: 0.090092, score 45046
0.478442 -0.991164 -0.478435 -0.275566 fitness: 0.013062, score 6531
0.020214 -0.730907 -0.480435 -0.153260 fitness: 0.026568, score 13284
0.742100 -0.730907 -0.495333 -0.153260 fitness: 0.028446, score 14223
0.412611 -0.731907 -0.032575 -0.842334 fitness: 0.004794, score 2397
0.022214 -0.480354 -0.498333 -0.006709 fitness: 0.025766, score 12883
0.476442 -0.188489 -0.496333 -0.007709 fitness: 0.074754, score 37377
0.479442 -0.729907 -0.861944 -0.155260 fitness: 0.023728, score 11864
0.476442 -0.731907 -0.866944 -0.926151 fitness: 0.006242, score 3121
0.476442 -0.733907 -0.496333 -0.844334 fitness: 0.008046, score 4023
0.020214 -0.732907 -0.496333 -0.843334 fitness: 0.007340, score 3670
0.013214 -0.729907 -0.479435 -0.006709 fitness: 0.030460, score 15230
0.285215 -0.189489 -0.866944 -0.004709 fitness: 0.094050, score 47025
0.741100 -0.732907 -0.704040 -0.926151 fitness: 0.009882, score 4941
0.019214 -0.732907 -0.494333 -0.842334 fitness: 0.007340, score 3670
0.018214 -0.190489 -0.496333 -0.843334 fitness: 0.005836, score 2918
0.021214 -0.729907 -0.863944 -0.151260 fitness: 0.025532, score 12766

BEST GENE
0.285215 -0.189489 -0.866944 -0.004709 