
#####Generation n° 21#####
0.475442 -0.478354 -0.444289 -0.151260 fitness: 0.035164, score 17582
0.475442 -0.192489 -0.868944 -0.154260 fitness: 0.075302, score 37651
0.476442 -0.191489 -0.704040 -0.151260 fitness: 0.066584, score 33292
0.474442 -0.479354 -0.497333 -0.153260 fitness: 0.024130, score 12065
0.965330 -0.188489 -0.391807 -0.007709 fitness: 0.056956, score 28478
0.016214 -0.187489 -0.496333 -0.008709 fitness: 0.049438, score 24719
0.020214 -0.479354 -0.866944 -0.152260 fitness: 0.053524, score 26762
0.475442 -0.734907 -0.496333 -0.002709 fitness: 0.029988, score 14994
0.021214 -0.731907 -0.442289 -0.002709 fitness: 0.033636, score 16818
0.475442 -0.728907 -0.444289 -0.897997 fitness: 0.008996, score 4498
0.021214 -0.732907 -0.496333 -0.005709 fitness: 0.037362, score 18681
0.744099 -0.191489 -0.477435 -0.156260 fitness: 0.044062, score 22031
0.475442 -0.192489 -0.870944 -0.152260 fitness: 0.079608, score 39804
0.241451 -0.814767 -0.422131 -0.910351 fitness: 0.007470, score 3735
0.742100 -0.190489 -0.478435 -0.154260 fitness: 0.044062, score 22031
0.475442 -0.278339 -0.487581 -0.158167 fitness: 0.029944, score 14972
0.170413 -0.731907 -0.392807 -0.153260 fitness: 0.022372, score 11186
0.744099 -0.729907 -0.493333 -0.150260 fitness: 0.031150, score 15575
0.018214 -0.189489 -0.985618 -0.974238 fitness: 0.010572, score 5286
0.967330 -0.305335 -0.391807 -0.878745 fitness: 0.007558, score 3779
0.481577 -0.277339 -0.984618 -0.159167 fitness: 0.050522, score 25261
0.480577 -0.276339 -0.498333 -0.002709 fitness: 0.049382, score 24691
0.967330 -0.306335 -0.861944 -0.877745 fitness: 0.008538, score 4269
0.744099 -0.732907 -0.492333 -0.010709 fitness: 0.038800, score 19400
0.015214 -0.481354 -0.498333 -0.842334 fitness: 0.006144, score 3072

BEST GENE
0.475442 -0.192489 -0.870944 -0.152260 