
#####Generation n° 17#####
0.015214 -0.727907 -0.496333 -0.008709 fitness: 0.027758, score 13879
0.480442 -0.189489 -0.496333 -0.154260 fitness: 0.040866, score 20433
0.013214 -0.729907 -0.862944 -0.152260 fitness: 0.029196, score 14598
0.742100 -0.732907 -0.864944 -0.926151 fitness: 0.009590, score 4795
0.477442 -0.725907 -0.869944 -0.004709 fitness: 0.042148, score 21074
0.476442 -0.188489 -0.867944 -0.004709 fitness: 0.057114, score 28557
0.476442 -0.480354 -0.497333 -0.006709 fitness: 0.031642, score 15821
0.741100 -0.189489 -0.494333 -0.152260 fitness: 0.029272, score 14636
0.499853 -0.478354 -0.705040 -0.843334 fitness: 0.008476, score 4238
0.019214 -0.731907 -0.494333 -0.153260 fitness: 0.021980, score 10990
0.478442 -0.481354 -0.865944 -0.156260 fitness: 0.039466, score 19733
0.021214 -0.732907 -0.495333 -0.843334 fitness: 0.008438, score 4219
0.477442 -0.480354 -0.478435 -0.154260 fitness: 0.023156, score 11578
0.740100 -0.188489 -0.867944 -0.005709 fitness: 0.075116, score 37558
0.018214 -0.190489 -0.496333 -0.009709 fitness: 0.050924, score 25462
0.018214 -0.481354 -0.494333 -0.154260 fitness: 0.026366, score 13183
0.476442 -0.189489 -0.865944 -0.844334 fitness: 0.013304, score 6652
0.474442 -0.991164 -0.480435 -0.274566 fitness: 0.011858, score 5929
0.742100 -0.192489 -0.478435 -0.840334 fitness: 0.007848, score 3924
0.021214 -0.731907 -0.494333 -0.152260 fitness: 0.021980, score 10990
0.018214 -0.188489 -0.478435 -0.005709 fitness: 0.063284, score 31642
0.284215 -0.190489 -0.868944 -0.005709 fitness: 0.043250, score 21625
0.017214 -0.478354 -0.494333 -0.153260 fitness: 0.026366, score 13183
0.411611 -0.744566 -0.031575 -0.217825 fitness: 0.008048, score 4024
0.475442 -0.726907 -0.498333 -0.152260 fitness: 0.016712, score 8356

BEST GENE
0.740100 -0.188489 -0.867944 -0.005709 