
#####Generation n° 9#####
0.015214 -0.236690 -0.493333 -0.148260 fitness: 0.029364, score 14682
0.322215 -0.029196 -0.672248 -0.747434 fitness: 0.006476, score 3238
0.480442 -0.726907 -0.665248 -0.842334 fitness: 0.009644, score 4822
0.481442 -0.191489 -0.866944 -0.005709 fitness: 0.032150, score 16075
0.017214 -0.728907 -0.133563 -0.841334 fitness: 0.005990, score 2995
0.743100 -0.725907 -0.133563 -0.150260 fitness: 0.014842, score 7421
0.014214 -0.236690 -0.482435 -0.844334 fitness: 0.005812, score 2906
0.478442 -0.726907 -0.136563 -0.931151 fitness: 0.005474, score 2737
0.479442 -0.725907 -0.866944 -0.148260 fitness: 0.026848, score 13424
0.478442 -0.729907 -0.865944 -0.005709 fitness: 0.035288, score 17644
0.482442 -0.729907 -0.866944 -0.151260 fitness: 0.026848, score 13424
0.743100 -0.189489 -0.867944 -0.008709 fitness: 0.057954, score 28977
0.480442 -0.727907 -0.723706 -0.007709 fitness: 0.031016, score 15508
0.477442 -0.726907 -0.480435 -0.009709 fitness: 0.020688, score 10344
0.479442 -0.727907 -0.493333 -0.930151 fitness: 0.008858, score 4429
0.478442 -0.025196 -0.480435 -0.006709 fitness: 0.076054, score 38027
0.477442 -0.725907 -0.668248 -0.930151 fitness: 0.009434, score 4717
0.745099 -0.724907 -0.867944 -0.009709 fitness: 0.026366, score 13183
0.480442 -0.727907 -0.134563 -0.148260 fitness: 0.012576, score 6288
0.744099 -0.725907 -0.671248 -0.008709 fitness: 0.031560, score 15780
0.744099 -0.729907 -0.867944 -0.006709 fitness: 0.026366, score 13183
0.481442 -0.726907 -0.865944 -0.152260 fitness: 0.026848, score 13424
0.020214 -0.286953 -0.866944 -0.844334 fitness: 0.008524, score 4262
0.020214 -0.190489 -0.864944 -0.843334 fitness: 0.007556, score 3778
0.476442 -0.190489 -0.492333 -0.149260 fitness: 0.035666, score 17833

BEST GENE
0.478442 -0.025196 -0.480435 -0.006709 