
#####Generation n° 13#####
0.015214 -0.727907 -0.493333 -0.843334 fitness: 0.009224, score 4612
0.016214 -0.189489 -0.136563 -0.928151 fitness: 0.003596, score 1798
0.019214 -0.188489 -0.494333 -0.843334 fitness: 0.004180, score 2090
0.744099 -0.726907 -0.492333 -0.008709 fitness: 0.027444, score 13722
0.284215 -0.728907 -0.867944 -0.004709 fitness: 0.031610, score 15805
0.282215 -0.189489 -0.494333 -0.006709 fitness: 0.068016, score 34008
0.014214 -0.192489 -0.495333 -0.008709 fitness: 0.033818, score 16909
0.478442 -0.726907 -0.864944 -0.148260 fitness: 0.021244, score 10622
0.478442 -0.726907 -0.868944 -0.155260 fitness: 0.027334, score 13667
0.019214 -0.727907 -0.494333 -0.006709 fitness: 0.029350, score 14675
0.019214 -0.192489 -0.494333 -0.842334 fitness: 0.004416, score 2208
0.016214 -0.726907 -0.865944 -0.929151 fitness: 0.008236, score 4118
0.477442 -0.192489 -0.494333 -0.008709 fitness: 0.051424, score 25712
0.743100 -0.188489 -0.865944 -0.843334 fitness: 0.010202, score 5101
0.477442 -0.723907 -0.863944 -0.931151 fitness: 0.008290, score 4145
0.475442 -0.732907 -0.479435 -0.154260 fitness: 0.019222, score 9611
0.283215 -0.191489 -0.494333 -0.006709 fitness: 0.061928, score 30964
0.015214 -0.728907 -0.494333 -0.928151 fitness: 0.009174, score 4587
0.282215 -0.189489 -0.867944 -0.006709 fitness: 0.048226, score 24113
0.473442 -0.726907 -0.493333 -0.007709 fitness: 0.036698, score 18349
0.021214 -0.188489 -0.492333 -0.007709 fitness: 0.059974, score 29987
0.020214 -0.724907 -0.479435 -0.846334 fitness: 0.007904, score 3952
0.501853 -0.478354 -0.708040 -0.292417 fitness: 0.026326, score 13163
0.478442 -0.729907 -0.866944 -0.151260 fitness: 0.021244, score 10622
0.479442 -0.190489 -0.495333 -0.147260 fitness: 0.038058, score 19029

BEST GENE
0.282215 -0.189489 -0.494333 -0.006709 