
#####Generation n° 42#####
0.843245 -0.688301 -0.869944 -0.001709 fitness: 0.041114, score 20557
0.122740 -0.559431 -0.912055 -0.052081 fitness: 0.036940, score 18470
0.243451 -0.905675 -0.006002 -0.612842 fitness: 0.006798, score 3399
0.244451 -0.639843 -0.913055 -0.128114 fitness: 0.033496, score 16748
0.847330 -0.638843 -0.865944 -0.940217 fitness: 0.009810, score 4905
0.844245 -0.663627 -0.994741 -0.001709 fitness: 0.037784, score 18892
0.454233 -0.639843 -0.865944 -0.126114 fitness: 0.032446, score 16223
0.243451 -0.662627 -0.911055 -0.130114 fitness: 0.044620, score 22310
0.019147 -0.905675 -0.914055 -0.126114 fitness: 0.034946, score 17473
0.844245 -0.686301 -0.911055 -0.130114 fitness: 0.029306, score 14653
0.841245 -0.194489 -0.867944 -0.611842 fitness: 0.016096, score 8048
0.241451 -0.638843 -0.867944 -0.612842 fitness: 0.011702, score 5851
0.246451 -0.687301 -0.995741 -0.053081 fitness: 0.036866, score 18433
0.453233 -0.192489 -0.865944 -0.053081 fitness: 0.069038, score 34519
0.021147 -0.646615 -0.079176 -0.127114 fitness: 0.009850, score 4925
0.843245 -0.647615 -0.993741 -0.753304 fitness: 0.013896, score 6948
0.244451 -0.647615 -0.866944 -0.614842 fitness: 0.011702, score 5851
0.452233 -0.115948 -0.913055 -0.611842 fitness: 0.013868, score 6934
0.455233 -0.902675 -0.911055 -0.004252 fitness: 0.033524, score 16762
0.840245 -0.116948 -0.865944 -0.610842 fitness: 0.014910, score 7455
0.843245 -0.647615 -0.868944 -0.752304 fitness: 0.015562, score 7781
0.451233 -0.661627 -0.866944 -0.051081 fitness: 0.032430, score 16215
0.242451 -0.195489 -0.866944 -0.053081 fitness: 0.081946, score 40973
0.453233 -0.646615 -0.865944 -0.128114 fitness: 0.032446, score 16223
0.243451 -0.904675 -0.912055 -0.612842 fitness: 0.012316, score 6158

BEST GENE
0.242451 -0.195489 -0.866944 -0.053081 