
#####Generation n° 10#####
0.020214 -0.727907 -0.135563 -0.844334 fitness: 0.006744, score 3372
0.019214 -0.285953 -0.866944 -0.843334 fitness: 0.010124, score 5062
0.477442 -0.725907 -0.479435 -0.008709 fitness: 0.029148, score 14574
0.019214 -0.192489 -0.867944 -0.845334 fitness: 0.008252, score 4126
0.479442 -0.189489 -0.492333 -0.148260 fitness: 0.042374, score 21187
0.477442 -0.727907 -0.493333 -0.009709 fitness: 0.038120, score 19060
0.019214 -0.729907 -0.867944 -0.152260 fitness: 0.034596, score 17298
0.480442 -0.727907 -0.667248 -0.151260 fitness: 0.040590, score 20295
0.016214 -0.189489 -0.493333 -0.009709 fitness: 0.056222, score 28111
0.387598 -0.269645 -0.854761 -0.016889 fitness: 0.039826, score 19913
0.475442 -0.191489 -0.493333 -0.007709 fitness: 0.043714, score 21857
0.478442 -0.727907 -0.866944 -0.149260 fitness: 0.037454, score 18727
0.482442 -0.730907 -0.865944 -0.150260 fitness: 0.037454, score 18727
0.019214 -0.724907 -0.865944 -0.009709 fitness: 0.031720, score 15860
0.480442 -0.727907 -0.134563 -0.147260 fitness: 0.013260, score 6630
0.744099 -0.188489 -0.137563 -0.008709 fitness: 0.041448, score 20724
0.282215 -0.465203 -0.346494 -0.472361 fitness: 0.009896, score 4948
0.475442 -0.189489 -0.865944 -0.843334 fitness: 0.009852, score 4926
0.744099 -0.726907 -0.868944 -0.150260 fitness: 0.030682, score 15341
0.020214 -0.730907 -0.863944 -0.842334 fitness: 0.010160, score 5080
0.478442 -0.726907 -0.136563 -0.930151 fitness: 0.006464, score 3232
0.478442 -0.725907 -0.667248 -0.930151 fitness: 0.009296, score 4648
0.744099 -0.724907 -0.865944 -0.150260 fitness: 0.030682, score 15341
0.744099 -0.725907 -0.135563 -0.009709 fitness: 0.049896, score 24948
0.478442 -0.728907 -0.493333 -0.005709 fitness: 0.036550, score 18275

BEST GENE
0.016214 -0.189489 -0.493333 -0.009709 