
#####Generation n° 0#####
0.133006 -0.436416 -0.606033 -0.793085 fitness: 0.007492, score 3746
0.551556 -0.039106 -0.492333 -0.890261 fitness: 0.004472, score 2236
0.016214 -0.405731 -0.674590 -0.261847 fitness: 0.025572, score 12786
0.736394 -0.990188 -0.283699 -0.151589 fitness: 0.014888, score 7444
0.914275 -0.185432 -0.328603 -0.448834 fitness: 0.008796, score 4398
0.750224 -0.289953 -0.233032 -0.148260 fitness: 0.025444, score 12722
0.726995 -0.839414 -0.969753 -0.222248 fitness: 0.039692, score 19846
0.147748 -0.348413 -0.381434 -0.280754 fitness: 0.011296, score 5648
0.784829 -0.987466 -0.073839 -0.336385 fitness: 0.009608, score 4804
0.026572 -0.566172 -0.226646 -0.042786 fitness: 0.030970, score 15485
0.971902 -0.901236 -0.304633 -0.708297 fitness: 0.007096, score 3548
0.891424 -0.588332 -0.859886 -0.805699 fitness: 0.013174, score 6587
0.773763 -0.188489 -0.254533 -0.523988 fitness: 0.005610, score 2805
0.478442 -0.487565 -0.672248 -0.205437 fitness: 0.031474, score 15737
0.326978 -0.642001 -0.427686 -0.474726 fitness: 0.009286, score 4643
0.990413 -0.809119 -0.755479 -0.775242 fitness: 0.009722, score 4861
0.796585 -0.829318 -0.111627 -0.823158 fitness: 0.006642, score 3321
0.395490 -0.338273 -0.865944 -0.367392 fitness: 0.023864, score 11932
0.239509 -0.170577 -0.075689 -0.130934 fitness: 0.008526, score 4263
0.758908 -0.935576 -0.936633 -0.532671 fitness: 0.012728, score 6364
0.124065 -0.191166 -0.056659 -0.602507 fitness: 0.003606, score 1803
0.678730 -0.728907 -0.807944 -0.005709 fitness: 0.032082, score 16041
0.370908 -0.235630 -0.480435 -0.361321 fitness: 0.014752, score 7376
0.044749 -0.235914 -0.136563 -0.841334 fitness: 0.003478, score 1739
0.065232 -0.248190 -0.664492 -0.460722 fitness: 0.013054, score 6527

BEST GENE
0.726995 -0.839414 -0.969753 -0.222248 