
#####Generation n° 14#####
0.282215 -0.732907 -0.478435 -0.153260 fitness: 0.025540, score 12770
0.022214 -0.187489 -0.493333 -0.843334 fitness: 0.005158, score 2579
0.283215 -0.728907 -0.493333 -0.003709 fitness: 0.030906, score 15453
0.282215 -0.188489 -0.495333 -0.007709 fitness: 0.052492, score 26246
0.018214 -0.193489 -0.495333 -0.008709 fitness: 0.059152, score 29576
0.474442 -0.732907 -0.480435 -0.842334 fitness: 0.008696, score 4348
0.283215 -0.191489 -0.493333 -0.930151 fitness: 0.005578, score 2789
0.743100 -0.733907 -0.865944 -0.844334 fitness: 0.011252, score 5626
0.015214 -0.728907 -0.495333 -0.844334 fitness: 0.007246, score 3623
0.015214 -0.726907 -0.495333 -0.008709 fitness: 0.023390, score 11695
0.019214 -0.187489 -0.495333 -0.843334 fitness: 0.005158, score 2579
0.477442 -0.730907 -0.867944 -0.007709 fitness: 0.042068, score 21034
0.476442 -0.192489 -0.494333 -0.148260 fitness: 0.045838, score 22919
0.282215 -0.190489 -0.867944 -0.005709 fitness: 0.076802, score 38401
0.476442 -0.187489 -0.493333 -0.007709 fitness: 0.042538, score 21269
0.021214 -0.724907 -0.480435 -0.005709 fitness: 0.030550, score 15275
0.282215 -0.725907 -0.866944 -0.006709 fitness: 0.041038, score 20519
0.015214 -0.728907 -0.493333 -0.927151 fitness: 0.007734, score 3867
0.014214 -0.728907 -0.495333 -0.929151 fitness: 0.007734, score 3867
0.014214 -0.189489 -0.494333 -0.148260 fitness: 0.027944, score 13972
0.014214 -0.728907 -0.868944 -0.005709 fitness: 0.049110, score 24555
0.501853 -0.479354 -0.707040 -0.928151 fitness: 0.007484, score 3742
0.477442 -0.189489 -0.492333 -0.006709 fitness: 0.042538, score 21269
0.019214 -0.188489 -0.494333 -0.842334 fitness: 0.005158, score 2579
0.479442 -0.192489 -0.495333 -0.155260 fitness: 0.036440, score 18220

BEST GENE
0.282215 -0.190489 -0.867944 -0.005709 