
#####Generation n° 19#####
0.475442 -0.731907 -0.866944 -0.927151 fitness: 0.009100, score 4550
0.477442 -0.991164 -0.478435 -0.003709 fitness: 0.026592, score 13296
0.476442 -0.188489 -0.496333 -0.008709 fitness: 0.046382, score 23191
0.284215 -0.479354 -0.867944 -0.006709 fitness: 0.040124, score 20062
0.481577 -0.278339 -0.488581 -0.159167 fitness: 0.029050, score 14525
0.286215 -0.188489 -0.866944 -0.004709 fitness: 0.051346, score 25673
0.014214 -0.732907 -0.496333 -0.842334 fitness: 0.008826, score 4413
0.743100 -0.481354 -0.478435 -0.006709 fitness: 0.038300, score 19150
0.017214 -0.190489 -0.497333 -0.007709 fitness: 0.053530, score 26765
0.744099 -0.186489 -0.479435 -0.005709 fitness: 0.069544, score 34772
0.019214 -0.191489 -0.868944 -0.003709 fitness: 0.055412, score 27706
0.022214 -0.189489 -0.498333 -0.152260 fitness: 0.031562, score 15781
0.171413 -0.275979 -0.444289 -0.896997 fitness: 0.005600, score 2800
0.020214 -0.732907 -0.496333 -0.153260 fitness: 0.022218, score 11109
0.743100 -0.729907 -0.860944 -0.154260 fitness: 0.032906, score 16453
0.284215 -0.729907 -0.865944 -0.005709 fitness: 0.036990, score 18495
0.476442 -0.729907 -0.499333 -0.152260 fitness: 0.022814, score 11407
0.285215 -0.189489 -0.865944 -0.004709 fitness: 0.051018, score 25509
0.744099 -0.481354 -0.480435 -0.010709 fitness: 0.038300, score 19150
0.020214 -0.733907 -0.494333 -0.152260 fitness: 0.022218, score 11109
0.741100 -0.729907 -0.703040 -0.927151 fitness: 0.010322, score 5161
0.478442 -0.728907 -0.862944 -0.155260 fitness: 0.025454, score 12727
0.744099 -0.482354 -0.479435 -0.154260 fitness: 0.032534, score 16267
0.911665 -0.186684 -0.278720 -0.678340 fitness: 0.007206, score 3603
0.475442 -0.477354 -0.497333 -0.153260 fitness: 0.021974, score 10987

BEST GENE
0.744099 -0.186489 -0.479435 -0.005709 