
#####Generation n° 38#####
0.018147 -0.192489 -0.863944 -0.776675 fitness: 0.009548, score 4774
0.441687 -0.637843 -0.910055 -0.052081 fitness: 0.033140, score 16570
0.923539 -0.632843 -0.913055 0.000291 fitness: 0.021778, score 10889
0.475442 -0.638843 -0.866944 -0.052081 fitness: 0.036056, score 18028
0.994715 -0.661627 -0.992741 -0.725382 fitness: 0.012036, score 6018
0.841245 -0.688301 -0.180083 -0.753304 fitness: 0.008534, score 4267
0.017147 -0.648615 -0.865944 -0.052081 fitness: 0.031464, score 15732
0.241451 -0.634843 -0.868944 -0.610842 fitness: 0.012726, score 6363
0.995715 -0.153361 -0.792472 -0.725382 fitness: 0.011180, score 5590
0.923539 -0.115948 -0.910055 -0.000709 fitness: 0.042812, score 21406
0.245451 -0.217684 -0.867944 -0.611842 fitness: 0.013112, score 6556
0.475442 -0.659627 -0.865944 -0.768724 fitness: 0.011666, score 5833
0.476442 -0.661627 -0.864944 -0.943822 fitness: 0.009034, score 4517
0.996715 -0.152361 -0.990741 -0.725382 fitness: 0.010898, score 5449
0.475442 -0.633843 -0.864944 -0.001709 fitness: 0.039116, score 19558
0.120740 -0.559431 -0.077176 -0.128114 fitness: 0.012392, score 6196
0.476442 -0.216684 -0.865944 -0.053081 fitness: 0.059372, score 29686
0.245451 -0.218684 -0.865944 -0.770724 fitness: 0.010522, score 5261
0.018147 -0.191489 -0.864944 -0.775675 fitness: 0.009548, score 4774
0.006450 -0.482172 -0.012388 -0.019079 fitness: 0.010432, score 5216
0.453233 -0.904675 -0.771660 -0.004252 fitness: 0.029076, score 14538
0.476442 -0.637843 -0.863944 -0.769724 fitness: 0.011772, score 5886
0.241451 -0.636843 -0.867944 -0.611842 fitness: 0.012726, score 6363
0.244451 -0.193489 -0.865944 -0.051081 fitness: 0.105506, score 52753
0.240451 -0.116948 -0.865944 -0.611842 fitness: 0.012858, score 6429

BEST GENE
0.244451 -0.193489 -0.865944 -0.051081 