
#####Generation n° 20#####
0.474442 -0.191489 -0.869944 -0.153260 fitness: 0.053760, score 26880
0.911665 -0.187684 -0.277720 -0.678340 fitness: 0.005596, score 2798
0.283215 -0.729907 -0.862944 -0.006709 fitness: 0.052114, score 26057
0.481577 -0.277339 -0.487581 -0.159167 fitness: 0.032110, score 16055
0.015214 -0.480354 -0.497333 -0.842334 fitness: 0.006074, score 3037
0.475442 -0.729907 -0.702040 -0.927151 fitness: 0.007692, score 3846
0.283215 -0.482354 -0.867944 -0.006709 fitness: 0.067068, score 33534
0.017214 -0.190489 -0.704040 -0.006709 fitness: 0.051954, score 25977
0.286215 -0.188489 -0.499333 -0.003709 fitness: 0.079320, score 39660
0.170413 -0.730907 -0.443289 -0.152260 fitness: 0.023072, score 11536
0.743100 -0.189489 -0.478435 -0.009709 fitness: 0.074992, score 37496
0.745099 -0.729907 -0.478435 -0.155260 fitness: 0.037016, score 18508
0.020214 -0.733907 -0.496333 -0.003709 fitness: 0.035914, score 17957
0.926969 -0.455177 -0.984618 -0.974238 fitness: 0.010422, score 5211
0.474442 -0.478354 -0.867944 -0.153260 fitness: 0.047974, score 23987
0.017214 -0.187489 -0.495333 -0.009709 fitness: 0.074296, score 37148
0.477442 -0.188489 -0.496333 -0.152260 fitness: 0.049202, score 24601
0.018214 -0.191489 -0.864944 -0.007709 fitness: 0.056624, score 28312
0.021214 -0.732907 -0.495333 -0.153260 fitness: 0.030982, score 15491
0.475442 -0.728907 -0.444289 -0.896997 fitness: 0.008114, score 4057
0.743100 -0.191489 -0.479435 -0.153260 fitness: 0.037878, score 18939
0.966330 -0.306335 -0.391807 -0.877745 fitness: 0.007236, score 3618
0.481577 -0.729907 -0.703040 -0.159167 fitness: 0.031080, score 15540
0.475442 -0.188489 -0.495333 -0.007709 fitness: 0.084642, score 42321
0.743100 -0.733907 -0.493333 -0.151260 fitness: 0.037016, score 18508

BEST GENE
0.475442 -0.188489 -0.495333 -0.007709 