
#####Generation n° 24#####
0.743100 -0.733907 -0.981618 -0.157260 fitness: 0.043058, score 21529
0.479577 -0.277339 -0.390807 -0.009709 fitness: 0.049388, score 24694
0.243451 -0.191489 -0.498333 -0.154260 fitness: 0.030620, score 15310
0.242451 -0.734907 -0.443289 -0.151260 fitness: 0.015600, score 7800
0.019214 -0.278339 -0.981618 -0.157260 fitness: 0.062138, score 31069
0.020214 -0.190489 -0.983618 -0.005709 fitness: 0.074622, score 37311
0.016214 -0.480354 -0.492333 -0.151260 fitness: 0.025764, score 12882
0.476442 -0.188489 -0.868944 -0.152260 fitness: 0.081780, score 40890
0.478577 -0.188489 -0.493333 -0.001709 fitness: 0.069300, score 34650
0.472442 -0.186489 -0.493333 -0.155260 fitness: 0.039190, score 19595
0.241451 -0.191489 -0.423131 -0.010709 fitness: 0.053556, score 26778
0.473442 -0.475354 -0.492333 -0.152260 fitness: 0.040478, score 20239
0.474442 -0.277339 -0.981618 -0.002709 fitness: 0.055762, score 27881
0.241451 -0.812767 -0.866944 -0.153260 fitness: 0.032012, score 16006
0.242451 -0.481354 -0.493333 -0.156260 fitness: 0.030262, score 15131
0.201162 -0.189489 -0.071820 -0.061801 fitness: 0.014418, score 7209
0.242451 -0.480354 -0.390807 -0.010709 fitness: 0.040792, score 20396
0.201162 -0.638843 -0.492333 -0.153260 fitness: 0.028368, score 14184
0.200162 -0.637843 -0.069820 -0.061801 fitness: 0.014002, score 7001
0.243451 -0.279339 -0.390807 -0.010709 fitness: 0.061182, score 30591
0.474442 -0.477354 -0.422131 -0.153260 fitness: 0.025296, score 12648
0.475442 -0.192489 -0.494333 -0.154260 fitness: 0.046394, score 23197
0.772170 -0.636843 -0.069820 -0.682621 fitness: 0.008548, score 4274
0.170413 -0.731907 -0.477435 -0.159167 fitness: 0.015920, score 7960
0.476442 -0.192489 -0.868944 -0.005709 fitness: 0.094864, score 47432

BEST GENE
0.476442 -0.192489 -0.868944 -0.005709 