
#####Generation n° 11#####
0.744099 -0.188489 -0.864944 -0.148260 fitness: 0.109904, score 54952
0.744099 -0.728907 -0.867944 -0.152260 fitness: 0.027882, score 13941
0.474442 -0.189489 -0.492333 -0.008709 fitness: 0.094382, score 47191
0.282215 -0.190489 -0.492333 -0.006709 fitness: 0.077114, score 38557
0.477442 -0.725907 -0.480435 -0.008709 fitness: 0.032914, score 16457
0.019214 -0.728907 -0.868944 -0.150260 fitness: 0.032328, score 16164
0.476442 -0.189489 -0.136563 -0.009709 fitness: 0.058188, score 29094
0.476442 -0.192489 -0.493333 -0.007709 fitness: 0.096226, score 48113
0.016214 -0.188489 -0.494333 -0.844334 fitness: 0.005482, score 2741
0.017214 -0.727907 -0.137563 -0.929151 fitness: 0.005216, score 2608
0.477442 -0.726907 -0.867944 -0.149260 fitness: 0.027790, score 13895
0.474442 -0.188489 -0.479435 -0.008709 fitness: 0.081856, score 40928
0.019214 -0.730907 -0.864944 -0.009709 fitness: 0.037624, score 18812
0.477442 -0.727907 -0.866944 -0.148260 fitness: 0.027790, score 13895
0.478442 -0.728907 -0.865944 -0.930151 fitness: 0.007180, score 3590
0.016214 -0.730907 -0.494333 -0.151260 fitness: 0.020214, score 10107
0.388598 -0.725907 -0.864944 -0.015889 fitness: 0.032004, score 16002
0.015214 -0.730907 -0.864944 -0.008709 fitness: 0.037624, score 18812
0.015214 -0.189489 -0.493333 -0.008709 fitness: 0.065714, score 32857
0.019214 -0.724907 -0.478435 -0.845334 fitness: 0.007342, score 3671
0.019214 -0.731907 -0.865944 -0.151260 fitness: 0.032328, score 16164
0.479442 -0.190489 -0.866944 -0.149260 fitness: 0.102712, score 51356
0.020214 -0.723907 -0.666248 -0.008709 fitness: 0.025736, score 12868
0.480442 -0.193489 -0.867944 -0.844334 fitness: 0.010192, score 5096
0.020214 -0.727907 -0.134563 -0.153260 fitness: 0.009498, score 4749

BEST GENE
0.744099 -0.188489 -0.864944 -0.148260 