
#####Generation n° 46#####
0.123740 -0.649615 -0.909055 -0.052081 fitness: 0.041484, score 20742
0.850330 -0.638843 -0.866944 -0.611842 fitness: 0.017316, score 8658
0.122740 -0.648615 -0.080176 -0.053081 fitness: 0.016772, score 8386
0.245451 -0.666627 -0.865944 -0.126114 fitness: 0.036728, score 18364
0.846245 -0.689301 -0.913055 -0.127114 fitness: 0.058382, score 29191
0.245451 -0.907675 -0.865944 -0.608842 fitness: 0.017916, score 8958
0.243451 -0.647615 -0.864944 -0.052081 fitness: 0.053024, score 26512
0.844245 -0.637843 -0.867944 -0.054081 fitness: 0.049852, score 24926
0.537448 -0.358087 -0.091272 -0.276430 fitness: 0.010886, score 5443
0.124740 -0.648615 -0.869944 -0.127114 fitness: 0.032958, score 16479
0.242451 -0.195489 -0.912055 -0.050081 fitness: 0.050366, score 25183
0.243451 -0.637843 -0.864944 -0.129114 fitness: 0.032060, score 16030
0.452233 -0.660627 -0.080176 -0.053081 fitness: 0.013950, score 6975
0.848330 -0.637843 -0.865944 -0.130114 fitness: 0.043274, score 21637
0.242451 -0.907675 -0.866944 -0.609842 fitness: 0.017916, score 8958
0.122740 -0.659627 -0.910055 -0.053081 fitness: 0.041484, score 20742
0.849330 -0.639843 -0.866944 -0.126114 fitness: 0.047266, score 23633
0.843245 -0.660627 -0.864944 -0.130114 fitness: 0.046886, score 23443
0.241451 -0.640843 -0.865944 -0.614842 fitness: 0.014606, score 7303
0.124740 -0.660627 -0.867944 -0.128114 fitness: 0.032958, score 16479
0.242451 -0.686301 -0.866944 -0.052081 fitness: 0.057600, score 28800
0.242451 -0.195489 -0.867944 -0.052081 fitness: 0.042432, score 21216
0.245451 -0.638843 -0.864944 -0.127114 fitness: 0.032834, score 16417
0.845245 -0.661627 -0.078176 -0.049081 fitness: 0.015976, score 7988
0.845245 -0.660627 -0.866944 -0.054081 fitness: 0.036604, score 18302

BEST GENE
0.846245 -0.689301 -0.913055 -0.127114 