
#####Generation n° 50#####
0.848330 -0.640843 -0.866944 -0.612842 fitness: 0.017412, score 8706
0.126740 -0.902817 -0.087043 -0.237038 fitness: 0.010432, score 5216
0.849330 -0.646615 -0.914055 -0.051081 fitness: 0.031626, score 15813
0.850330 -0.194489 -0.911055 -0.128114 fitness: 0.061050, score 30525
0.850330 -0.196489 -0.913055 -0.051081 fitness: 0.077552, score 38776
0.842245 -0.660627 -0.909055 -0.051081 fitness: 0.042732, score 21366
0.849330 -0.648615 -0.914055 -0.051081 fitness: 0.031626, score 15813
0.850330 -0.196489 -0.864944 -0.130114 fitness: 0.050696, score 25348
0.245451 -0.637843 -0.913055 -0.130114 fitness: 0.026450, score 13225
0.246451 -0.636843 -0.911055 -0.130114 fitness: 0.026450, score 13225
0.120740 -0.636843 -0.909055 -0.054081 fitness: 0.042760, score 21380
0.120740 -0.193489 -0.910055 -0.127114 fitness: 0.095470, score 47735
0.245451 -0.658627 -0.910055 -0.054081 fitness: 0.030094, score 15047
0.244451 -0.904675 -0.911055 -0.052081 fitness: 0.022604, score 11302
0.244451 -0.660627 -0.864944 -0.053081 fitness: 0.026886, score 13443
0.120740 -0.659627 -0.862944 -0.611842 fitness: 0.010580, score 5290
0.311630 -0.902817 -0.085043 -0.128114 fitness: 0.009594, score 4797
0.850330 -0.904675 -0.912055 -0.128114 fitness: 0.033454, score 16727
0.848330 -0.646615 -0.913055 -0.055081 fitness: 0.042732, score 21366
0.848330 -0.906675 -0.865944 -0.050081 fitness: 0.033690, score 16845
0.847330 -0.688301 -0.865944 -0.053081 fitness: 0.038068, score 19034
0.121740 -0.195489 -0.862944 -0.055081 fitness: 0.078106, score 39053
0.121740 -0.904675 -0.912055 -0.129114 fitness: 0.036416, score 18208
0.246451 -0.686301 -0.914055 -0.049081 fitness: 0.048236, score 24118
0.848330 -0.660627 -0.914055 -0.052081 fitness: 0.042732, score 21366

BEST GENE
0.120740 -0.193489 -0.910055 -0.127114 