
#####Generation n° 25#####
0.476442 -0.278339 -0.981618 -0.158260 fitness: 0.073022, score 36511
0.243451 -0.280339 -0.389807 -0.001709 fitness: 0.053852, score 26926
0.240451 -0.191489 -0.424131 -0.011709 fitness: 0.106406, score 53203
0.242451 -0.733907 -0.444289 -0.062801 fitness: 0.031496, score 15748
0.725990 -0.778244 -0.074385 -0.632575 fitness: 0.009916, score 4958
0.242451 -0.277339 -0.390807 -0.155260 fitness: 0.033926, score 16963
0.242451 -0.280339 -0.867944 -0.011709 fitness: 0.071596, score 35798
0.201162 -0.636843 -0.981618 -0.061801 fitness: 0.039244, score 19622
0.771170 -0.732907 -0.478435 -0.160167 fitness: 0.029580, score 14790
0.772170 -0.637843 -0.389807 -0.682621 fitness: 0.007666, score 3833
0.199162 -0.276339 -0.069820 -0.010709 fitness: 0.047344, score 23672
0.472442 -0.186489 -0.492333 -0.155260 fitness: 0.050150, score 25075
0.241451 -0.811767 -0.866944 -0.002709 fitness: 0.042864, score 21432
0.478577 -0.475354 -0.390807 -0.153260 fitness: 0.026844, score 13422
0.476442 -0.188489 -0.982618 -0.001709 fitness: 0.083802, score 41901
0.475442 -0.477354 -0.422131 -0.681621 fitness: 0.007198, score 3599
0.201162 -0.480354 -0.493333 -0.151260 fitness: 0.028542, score 14271
0.242451 -0.637843 -0.391807 -0.009709 fitness: 0.033550, score 16775
0.241451 -0.193489 -0.493333 -0.155260 fitness: 0.024384, score 12192
0.405000 -0.930581 -0.460064 -0.608842 fitness: 0.009966, score 4983
0.020214 -0.189489 -0.494333 -0.004709 fitness: 0.066764, score 33382
0.019214 -0.185489 -0.492333 -0.154260 fitness: 0.026950, score 13475
0.200162 -0.638843 -0.422131 -0.154260 fitness: 0.029782, score 14891
0.020214 -0.190489 -0.982618 -0.005709 fitness: 0.051780, score 25890
0.127180 -0.762656 -0.304121 -0.050081 fitness: 0.032260, score 16130

BEST GENE
0.240451 -0.191489 -0.424131 -0.011709 