
#####Generation n° 47#####
0.849330 -0.660627 -0.865944 -0.129114 fitness: 0.029302, score 14651
0.121740 -0.194489 -0.910055 -0.054081 fitness: 0.052474, score 26237
0.124740 -0.660627 -0.866944 -0.053081 fitness: 0.027922, score 13961
0.845245 -0.637843 -0.866944 -0.048081 fitness: 0.040774, score 20387
0.245451 -0.667627 -0.867944 -0.126114 fitness: 0.034222, score 17111
0.453233 -0.661627 -0.079176 -0.052081 fitness: 0.018842, score 9421
0.123740 -0.647615 -0.863944 -0.126114 fitness: 0.028942, score 14471
0.849330 -0.638843 -0.867944 -0.612842 fitness: 0.017244, score 8622
0.537448 -0.639843 -0.092272 -0.277430 fitness: 0.010826, score 5413
0.843245 -0.659627 -0.863944 -0.129114 fitness: 0.029302, score 14651
0.850330 -0.196489 -0.911055 -0.127114 fitness: 0.052332, score 26166
0.123740 -0.660627 -0.909055 -0.054081 fitness: 0.042274, score 21137
0.849330 -0.636843 -0.909055 -0.129114 fitness: 0.038562, score 19281
0.847330 -0.636843 -0.865944 -0.053081 fitness: 0.038982, score 19491
0.123740 -0.689301 -0.913055 -0.053081 fitness: 0.039210, score 19605
0.241451 -0.639843 -0.864944 -0.129114 fitness: 0.034222, score 17111
0.849330 -0.195489 -0.913055 -0.049081 fitness: 0.110892, score 55446
0.244451 -0.647615 -0.863944 -0.051081 fitness: 0.039084, score 19542
0.240451 -0.640843 -0.914055 -0.614842 fitness: 0.011802, score 5901
0.844245 -0.906675 -0.866944 -0.054081 fitness: 0.036816, score 18408
0.243451 -0.648615 -0.863944 -0.051081 fitness: 0.039084, score 19542
0.244451 -0.646615 -0.864944 -0.052081 fitness: 0.039084, score 19542
0.849330 -0.638843 -0.867944 -0.051081 fitness: 0.040804, score 20402
0.122740 -0.637843 -0.866944 -0.612842 fitness: 0.011832, score 5916
0.845245 -0.637843 -0.866944 -0.055081 fitness: 0.038962, score 19481

BEST GENE
0.849330 -0.195489 -0.913055 -0.049081 