
#####Generation n° 53#####
0.847330 -0.904675 -0.915055 -0.128114 fitness: 0.037352, score 18676
0.119740 -0.648615 -0.914055 -0.056081 fitness: 0.049688, score 24844
0.245451 -0.196489 -0.909055 -0.129114 fitness: 0.063328, score 31664
0.848330 -0.907675 -0.912055 -0.049081 fitness: 0.035402, score 17701
0.847330 -0.648615 -0.913055 -0.049081 fitness: 0.060500, score 30250
0.849330 -0.647615 -0.914055 -0.056081 fitness: 0.047904, score 23952
0.244451 -0.196489 -0.913055 -0.051081 fitness: 0.065500, score 32750
0.847330 -0.905675 -0.913055 -0.053081 fitness: 0.035402, score 17701
0.243451 -0.646615 -0.908055 -0.132114 fitness: 0.038816, score 19408
0.123740 -0.905675 -0.914055 -0.126114 fitness: 0.032082, score 16041
0.848330 -0.647615 -0.914055 -0.049081 fitness: 0.062058, score 31029
0.242451 -0.193489 -0.867944 -0.131114 fitness: 0.082534, score 41267
0.850330 -0.908675 -0.916055 -0.050081 fitness: 0.035402, score 17701
0.849330 -0.635843 -0.909055 -0.053081 fitness: 0.062058, score 31029
0.310970 -0.190943 -0.426827 -0.750488 fitness: 0.006312, score 3156
0.848330 -0.662627 -0.909055 -0.613842 fitness: 0.013714, score 6857
0.851330 -0.904675 -0.914055 -0.053081 fitness: 0.035402, score 17701
0.848330 -0.646615 -0.914055 -0.054081 fitness: 0.047904, score 23952
0.730118 -0.855126 -0.910055 -0.067031 fitness: 0.028412, score 14206
0.208967 -0.076982 -0.034739 -0.970002 fitness: 0.002522, score 1261
0.123740 -0.646615 -0.914055 -0.132114 fitness: 0.043340, score 21670
0.118740 -0.647615 -0.914055 -0.125114 fitness: 0.048602, score 24301
0.728118 -0.196489 -0.908055 -0.067031 fitness: 0.080670, score 40335
0.849330 -0.646615 -0.907055 -0.130114 fitness: 0.041626, score 20813
0.123740 -0.645615 -0.915055 -0.130114 fitness: 0.048602, score 24301

BEST GENE
0.242451 -0.193489 -0.867944 -0.131114 