
#####Generation n° 4#####
0.479442 -0.189489 -0.864944 -0.008709 fitness: 0.056566, score 28283
0.480442 -0.188489 -0.867944 -0.007709 fitness: 0.056672, score 28336
0.480826 -0.028196 -0.867944 -0.279754 fitness: 0.060158, score 30079
0.015214 -0.728907 -0.492333 -0.006709 fitness: 0.029158, score 14579
0.796585 -0.187489 -0.668248 -0.472726 fitness: 0.016662, score 8331
0.478442 -0.286953 -0.135563 -0.841334 fitness: 0.004470, score 2235
0.948504 -0.727907 -0.398853 -0.004709 fitness: 0.031304, score 15652
0.746099 -0.726907 -0.668248 -0.007709 fitness: 0.032718, score 16359
0.745099 -0.727907 -0.481435 -0.360321 fitness: 0.017008, score 8504
0.064232 -0.028196 -0.112627 -0.432170 fitness: 0.003412, score 1706
0.677730 -0.185432 -0.867944 -0.005709 fitness: 0.074256, score 37128
0.680730 -0.727907 -0.670248 -0.150260 fitness: 0.028760, score 14380
0.746099 -0.829318 -0.669248 -0.008709 fitness: 0.031980, score 15990
0.679730 -0.701216 -0.866944 -0.006709 fitness: 0.039858, score 19929
0.491434 -0.195626 -0.433960 -0.934574 fitness: 0.005670, score 2835
0.678730 -0.728907 -0.671248 -0.841334 fitness: 0.008106, score 4053
0.371908 -0.238690 -0.721706 -0.931151 fitness: 0.009934, score 4967
0.678730 -0.238690 -0.721706 -0.932151 fitness: 0.009340, score 4670
0.479442 -0.245190 -0.112627 -0.842334 fitness: 0.004636, score 2318
0.479826 -0.288953 -0.866944 -0.436170 fitness: 0.019250, score 9625
0.148748 -0.725907 -0.480435 -0.009709 fitness: 0.029112, score 14556
0.678730 -0.701216 -0.867944 -0.005709 fitness: 0.039858, score 19929
0.016214 -0.247190 -0.865944 -0.007709 fitness: 0.040694, score 20347
0.678730 -0.246190 -0.864944 -0.008709 fitness: 0.055332, score 27666
0.678730 -0.729907 -0.868944 -0.825139 fitness: 0.011972, score 5986

BEST GENE
0.677730 -0.185432 -0.867944 -0.005709 