
#####Generation n° 37#####
0.995715 -0.152361 -0.791472 -0.724382 fitness: 0.010886, score 5443
0.477442 -0.637843 -0.863944 0.000291 fitness: 0.017210, score 8605
0.244451 -0.217684 -0.866944 -0.050081 fitness: 0.073156, score 36578
0.923539 -0.684669 -0.911055 -0.001709 fitness: 0.048098, score 24049
0.068934 -0.662627 -0.867944 -0.942822 fitness: 0.008266, score 4133
0.672052 -0.878944 -0.895346 -0.427685 fitness: 0.016966, score 8483
0.475442 -0.636843 -0.864944 -0.768724 fitness: 0.013726, score 6863
0.275403 -0.635843 -0.069689 -0.611842 fitness: 0.006660, score 3330
0.244451 -0.660627 -0.991741 -0.942822 fitness: 0.013882, score 6941
0.475442 -0.191489 -0.862944 -0.607842 fitness: 0.012278, score 6139
0.477442 -0.637843 -0.992741 -0.002709 fitness: 0.031228, score 15614
0.241451 -0.115948 -0.865944 -0.610842 fitness: 0.010874, score 5437
0.471442 -0.662627 -0.865944 -0.000709 fitness: 0.032878, score 16439
0.068934 -0.661627 -0.991741 -0.941822 fitness: 0.012820, score 6410
0.474442 -0.217684 -0.868944 -0.052081 fitness: 0.078346, score 39173
0.923539 -0.633843 -0.913055 -0.000709 fitness: 0.046042, score 23021
0.244451 -0.636843 -0.868944 0.000291 fitness: 0.019998, score 9999
0.475442 -0.191489 -0.864944 -0.052081 fitness: 0.038730, score 19365
0.833381 -0.637843 -0.866944 -0.769724 fitness: 0.013732, score 6866
0.245451 -0.102792 -0.865944 -0.582730 fitness: 0.010816, score 5408
0.475442 -0.192489 -0.864944 -0.052081 fitness: 0.038730, score 19365
0.476442 -0.635843 -0.862944 -0.584729 fitness: 0.009712, score 4856
0.018147 -0.647615 -0.864944 -0.776675 fitness: 0.012416, score 6208
0.442687 -0.636843 -0.909055 -0.052081 fitness: 0.030258, score 15129
0.242451 -0.635843 -0.868944 -0.611842 fitness: 0.009808, score 4904

BEST GENE
0.474442 -0.217684 -0.868944 -0.052081 