
#####Generation n° 23#####
0.171413 -0.190489 -0.445289 -0.155260 fitness: 0.026588, score 13294
0.475442 -0.476354 -0.868944 -0.154260 fitness: 0.032822, score 16411
0.242451 -0.481354 -0.390807 -0.009709 fitness: 0.026150, score 13075
0.475442 -0.189489 -0.424131 -0.159167 fitness: 0.036070, score 18035
0.771170 -0.398766 -0.404448 -0.682621 fitness: 0.007600, score 3800
0.742100 -0.733907 -0.442289 -0.152260 fitness: 0.027412, score 13706
0.170413 -0.732907 -0.477435 -0.007709 fitness: 0.040698, score 20349
0.020214 -0.278339 -0.391807 -0.153260 fitness: 0.022370, score 11185
0.473442 -0.188489 -0.496333 -0.159167 fitness: 0.034892, score 17446
0.240451 -0.813767 -0.422131 -0.159167 fitness: 0.021150, score 10575
0.015214 -0.480354 -0.422131 -0.844334 fitness: 0.006680, score 3340
0.017214 -0.192489 -0.494333 -0.152260 fitness: 0.039370, score 19685
0.473442 -0.187489 -0.493333 -0.152260 fitness: 0.050206, score 25103
0.744099 -0.729907 -0.391807 -0.011709 fitness: 0.028900, score 14450
0.200162 -0.637843 -0.070820 -0.062801 fitness: 0.015968, score 7984
0.241451 -0.814767 -0.422131 -0.009709 fitness: 0.040554, score 20277
0.475442 -0.191489 -0.868944 -0.155260 fitness: 0.089770, score 44885
0.098599 -0.681979 -0.152302 -0.973238 fitness: 0.005462, score 2731
0.242451 -0.481354 -0.494333 -0.152260 fitness: 0.024948, score 12474
0.479577 -0.278339 -0.982618 -0.002709 fitness: 0.049256, score 24628
0.020214 -0.278339 -0.982618 -0.156260 fitness: 0.039416, score 19708
0.242451 -0.481354 -0.866944 -0.153260 fitness: 0.031058, score 15529
0.476442 -0.191489 -0.869944 -0.155260 fitness: 0.089770, score 44885
0.019214 -0.189489 -0.983618 -0.005709 fitness: 0.061656, score 30828
0.474442 -0.192489 -0.497333 -0.154260 fitness: 0.041766, score 20883

BEST GENE
0.475442 -0.191489 -0.868944 -0.155260 