
#####Generation n° 55#####
0.848330 -0.905675 -0.916055 -0.127114 fitness: 0.036730, score 18365
0.850330 -0.905675 -0.912055 -0.131114 fitness: 0.042148, score 21074
0.728118 -0.646615 -0.914055 -0.065031 fitness: 0.034038, score 17019
0.848330 -0.902675 -0.912055 -0.128114 fitness: 0.036730, score 18365
0.847330 -0.636843 -0.916055 -0.132114 fitness: 0.032556, score 16278
0.728118 -0.905675 -0.912055 -0.127114 fitness: 0.044118, score 22059
0.728118 -0.194489 -0.913055 -0.130114 fitness: 0.126606, score 63303
0.729118 -0.647615 -0.913055 -0.128114 fitness: 0.034662, score 17331
0.243451 -0.195489 -0.866944 -0.051081 fitness: 0.044578, score 22289
0.846330 -0.195489 -0.865944 -0.130114 fitness: 0.053528, score 26764
0.123740 -0.645615 -0.034739 -0.124114 fitness: 0.009744, score 4872
0.119740 -0.647615 -0.866944 -0.056081 fitness: 0.035516, score 17758
0.242451 -0.855126 -0.425827 -0.131114 fitness: 0.028738, score 14369
0.311970 -0.192943 -0.424827 -0.751488 fitness: 0.006012, score 3006
0.243451 -0.648615 -0.907055 -0.130114 fitness: 0.016700, score 8350
0.122740 -0.645615 -0.918055 -0.130114 fitness: 0.045838, score 22919
0.846330 -0.650615 -0.914055 -0.130114 fitness: 0.035554, score 17777
0.850330 -0.646615 -0.911055 -0.132114 fitness: 0.033302, score 16651
0.847330 -0.645615 -0.911055 -0.049081 fitness: 0.033360, score 16680
0.120740 -0.647615 -0.912055 -0.130114 fitness: 0.047750, score 23875
0.311970 -0.189943 -0.909055 -0.614842 fitness: 0.009564, score 4782
0.310970 -0.189943 -0.915055 -0.065031 fitness: 0.064976, score 32488
0.847330 -0.649615 -0.916055 -0.130114 fitness: 0.035370, score 17685
0.848330 -0.648615 -0.907055 -0.131114 fitness: 0.037128, score 18564
0.850330 -0.904675 -0.908055 -0.127114 fitness: 0.036730, score 18365

BEST GENE
0.728118 -0.194489 -0.913055 -0.130114 