
#####Generation n° 27#####
0.475442 -0.477354 -0.864944 -0.001709 fitness: 0.053692, score 26846
0.477442 -0.278339 -0.981618 -0.001709 fitness: 0.046778, score 23389
0.375444 -0.776244 -0.424131 -0.013709 fitness: 0.025056, score 12528
0.240451 -0.731907 -0.477435 -0.012709 fitness: 0.025266, score 12633
0.240451 -0.778244 -0.423131 -0.156260 fitness: 0.023834, score 11917
0.477442 -0.636843 -0.492333 -0.062801 fitness: 0.025104, score 12552
0.242451 -0.277339 -0.389807 -0.155260 fitness: 0.034144, score 17072
0.199162 -0.190489 -0.387807 -0.005709 fitness: 0.047820, score 23910
0.771170 -0.731907 -0.461064 -0.608842 fitness: 0.009150, score 4575
0.478442 -0.636843 -0.490333 -0.061801 fitness: 0.025104, score 12552
0.202162 -0.478354 -0.422131 -0.152260 fitness: 0.023362, score 11681
0.474442 -0.278339 -0.490333 -0.154260 fitness: 0.036994, score 18497
0.200162 -0.186489 -0.422131 -0.004709 fitness: 0.050982, score 25491
0.727990 -0.731907 -0.461064 -0.608842 fitness: 0.008538, score 4269
0.242451 -0.638843 -0.492333 -0.155260 fitness: 0.029134, score 14567
0.239451 -0.636843 -0.492333 -0.155260 fitness: 0.029134, score 14567
0.240451 -0.193489 -0.445289 -0.061801 fitness: 0.062566, score 31283
0.407000 -0.931581 -0.387807 -0.683621 fitness: 0.008426, score 4213
0.243451 -0.191489 -0.492333 -0.154260 fitness: 0.024432, score 12216
0.375444 -0.220684 -0.982618 -0.690109 fitness: 0.010392, score 5196
0.129180 -0.763656 -0.866944 -0.051081 fitness: 0.039354, score 19677
0.474442 -0.190489 -0.490333 -0.005709 fitness: 0.076186, score 38093
0.475442 -0.278339 -0.421131 -0.154260 fitness: 0.021372, score 10686
0.240451 -0.194489 -0.445289 -0.061801 fitness: 0.054892, score 27446
0.478442 -0.812767 -0.864944 -0.062801 fitness: 0.035074, score 17537

BEST GENE
0.474442 -0.190489 -0.490333 -0.005709 