
#####Generation n° 44#####
0.243451 -0.904675 -0.868944 -0.611842 fitness: 0.011522, score 5761
0.846245 -0.907675 -0.865944 -0.609842 fitness: 0.018944, score 9472
0.246451 -0.647615 -0.912055 -0.054081 fitness: 0.028198, score 14099
0.246451 -0.638843 -0.865944 -0.126114 fitness: 0.022214, score 11107
0.242451 -0.638843 -0.913055 -0.614842 fitness: 0.016054, score 8027
0.245451 -0.688301 -0.867944 -0.053081 fitness: 0.044112, score 22056
0.243451 -0.686301 -0.868944 -0.053081 fitness: 0.044112, score 22056
0.848330 -0.639843 -0.866944 -0.130114 fitness: 0.043510, score 21755
0.845245 -0.665627 -0.994741 -0.131114 fitness: 0.042350, score 21175
0.243451 -0.195489 -0.909055 -0.051081 fitness: 0.073968, score 36984
0.243451 -0.906675 -0.865944 -0.611842 fitness: 0.011522, score 5761
0.242451 -0.195489 -0.864944 -0.051081 fitness: 0.051034, score 25517
0.245451 -0.686301 -0.913055 -0.055081 fitness: 0.030406, score 15203
0.454233 -0.646615 -0.866944 -0.000709 fitness: 0.029976, score 14988
0.453233 -0.645615 -0.865944 -0.053081 fitness: 0.036878, score 18439
0.844245 -0.687301 -0.910055 -0.132114 fitness: 0.041024, score 20512
0.450233 -0.659627 -0.078176 -0.053081 fitness: 0.018406, score 9203
0.242451 -0.638843 -0.867944 -0.614842 fitness: 0.015486, score 7743
0.843245 -0.687301 -0.910055 -0.615842 fitness: 0.016772, score 8386
0.845245 -0.688301 -0.993741 -0.128114 fitness: 0.042350, score 21175
0.243451 -0.687301 -0.913055 -0.610842 fitness: 0.014578, score 7289
0.845245 -0.647615 -0.866944 -0.128114 fitness: 0.044184, score 22092
0.845245 -0.665627 -0.993741 -0.130114 fitness: 0.042350, score 21175
0.122740 -0.647615 -0.866944 -0.127114 fitness: 0.025840, score 12920
0.595995 -0.892414 -0.117998 -0.269411 fitness: 0.015586, score 7793

BEST GENE
0.243451 -0.195489 -0.909055 -0.051081 