
#####Generation n° 39#####
0.240451 -0.115948 -0.866944 -0.612842 fitness: 0.010740, score 5370
0.017147 -0.648615 -0.865944 -0.003252 fitness: 0.047830, score 23915
0.246451 -0.114948 -0.910055 -0.000709 fitness: 0.076012, score 38006
0.452233 -0.662627 -0.992741 -0.004252 fitness: 0.042600, score 21300
0.476442 -0.637843 -0.864944 -0.769724 fitness: 0.019572, score 9786
0.452233 -0.905675 -0.912055 -0.000709 fitness: 0.037674, score 18837
0.713579 -0.555166 -0.004002 -0.666922 fitness: 0.005700, score 2850
0.006450 -0.638843 -0.863944 -0.769724 fitness: 0.012170, score 6085
0.245451 -0.638843 -0.911055 -0.611842 fitness: 0.014986, score 7493
0.017147 -0.193489 -0.993741 -0.777675 fitness: 0.009882, score 4941
0.239451 -0.116948 -0.866944 -0.611842 fitness: 0.011136, score 5568
0.240451 -0.116948 -0.909055 0.000291 fitness: 0.027304, score 13652
0.019147 -0.192489 -0.078176 -0.127114 fitness: 0.008656, score 4328
0.922539 -0.632843 -0.913055 -0.000709 fitness: 0.056500, score 28250
0.841245 -0.687301 -0.909055 -0.752304 fitness: 0.014946, score 7473
0.244451 -0.218684 -0.866944 -0.052081 fitness: 0.121304, score 60652
0.475442 -0.560431 -0.078176 -0.769724 fitness: 0.005798, score 2899
0.475442 -0.153361 -0.791472 -0.944822 fitness: 0.008422, score 4211
0.243451 -0.192489 -0.863944 -0.052081 fitness: 0.062432, score 31216
0.841245 -0.192489 -0.866944 -0.752304 fitness: 0.009058, score 4529
0.923539 -0.638843 -0.911055 0.001291 fitness: 0.019658, score 9829
0.242451 -0.905675 -0.868944 -0.612842 fitness: 0.014006, score 7003
0.121740 -0.560431 -0.077176 -0.053081 fitness: 0.012882, score 6441
0.474442 -0.639843 -0.866944 -0.052081 fitness: 0.033192, score 16596
0.476442 -0.215684 -0.865944 -0.052081 fitness: 0.076512, score 38256

BEST GENE
0.244451 -0.218684 -0.866944 -0.052081 