
#####Generation n° 32#####
0.324066 -0.512244 -0.011561 -0.279467 fitness: 0.007782, score 3891
0.129180 -0.193489 -0.863944 -0.002709 fitness: 0.059470, score 29735
0.129180 -0.763656 -0.767239 -0.050081 fitness: 0.033838, score 16919
0.130180 -0.195489 -0.767239 -0.002709 fitness: 0.071074, score 35537
0.130180 -0.765656 -0.494333 -0.050081 fitness: 0.031386, score 15693
0.239451 -0.187489 -0.984618 -0.610842 fitness: 0.012352, score 6176
0.240451 -0.218684 -0.865944 -0.050081 fitness: 0.093790, score 46895
0.243451 -0.157346 -0.766239 -0.000709 fitness: 0.068498, score 34249
0.475442 -0.476354 -0.979618 -0.065801 fitness: 0.048100, score 24050
0.477442 -0.195489 -0.765239 -0.059801 fitness: 0.064058, score 32029
0.244451 -0.762656 -0.447289 -0.689109 fitness: 0.009170, score 4585
0.476442 -0.636843 -0.983618 -0.608842 fitness: 0.012506, score 6253
0.129180 -0.189489 -0.863944 -0.002709 fitness: 0.059366, score 29683
0.427215 -0.194489 -0.978618 -0.052081 fitness: 0.088838, score 44419
0.241451 -0.637843 -0.446289 -0.609842 fitness: 0.007738, score 3869
0.239451 -0.188489 -0.446289 -0.611842 fitness: 0.007254, score 3627
0.474442 -0.193489 -0.765239 -0.000709 fitness: 0.060646, score 30323
0.240451 -0.765656 -0.447289 -0.612842 fitness: 0.009196, score 4598
0.069326 -0.355623 -0.955907 -0.507023 fitness: 0.013442, score 6721
0.425215 -0.194489 -0.866944 -0.050081 fitness: 0.061936, score 30968
0.129180 -0.635843 -0.865944 -0.052081 fitness: 0.026452, score 13226
0.474442 -0.765656 -0.494333 -0.066801 fitness: 0.040062, score 20031
0.243451 -0.761656 -0.766239 -0.053081 fitness: 0.025424, score 12712
0.130180 -0.189489 -0.864944 -0.051081 fitness: 0.094716, score 47358
0.443687 -0.114948 -0.010574 -0.827052 fitness: 0.003308, score 1654

BEST GENE
0.130180 -0.189489 -0.864944 -0.051081 