
#####Generation n° 15#####
0.015214 -0.189489 -0.495333 -0.008709 fitness: 0.055834, score 27917
0.477442 -0.189489 -0.494333 -0.006709 fitness: 0.074248, score 37124
0.283215 -0.189489 -0.494333 -0.843334 fitness: 0.005794, score 2897
0.477442 -0.190489 -0.867944 -0.004709 fitness: 0.088370, score 44185
0.478442 -0.727907 -0.496333 -0.156260 fitness: 0.025234, score 12617
0.475442 -0.188489 -0.479435 -0.841334 fitness: 0.007190, score 3595
0.743100 -0.734907 -0.493333 -0.843334 fitness: 0.007804, score 3902
0.284215 -0.729907 -0.493333 -0.004709 fitness: 0.024674, score 12337
0.017214 -0.194489 -0.493333 -0.147260 fitness: 0.037436, score 18718
0.501853 -0.479354 -0.495333 -0.006709 fitness: 0.060356, score 30178
0.476442 -0.187489 -0.494333 -0.843334 fitness: 0.007190, score 3595
0.015214 -0.727907 -0.494333 -0.006709 fitness: 0.020622, score 10311
0.019214 -0.731907 -0.494333 -0.152260 fitness: 0.020532, score 10266
0.742100 -0.190489 -0.864944 -0.843334 fitness: 0.007942, score 3971
0.478442 -0.480354 -0.707040 -0.155260 fitness: 0.039722, score 19861
0.015214 -0.191489 -0.493333 -0.148260 fitness: 0.031260, score 15630
0.019214 -0.189489 -0.479435 -0.152260 fitness: 0.036870, score 18435
0.014214 -0.731907 -0.496333 -0.928151 fitness: 0.009306, score 4653
0.983838 -0.854700 -0.779483 -0.855796 fitness: 0.008560, score 4280
0.014214 -0.727907 -0.496333 -0.004709 fitness: 0.023356, score 11678
0.475442 -0.733907 -0.494333 -0.841334 fitness: 0.006874, score 3437
0.014214 -0.191489 -0.496333 -0.007709 fitness: 0.055752, score 27876
0.281215 -0.189489 -0.867944 -0.005709 fitness: 0.051304, score 25652
0.013214 -0.728907 -0.495333 -0.928151 fitness: 0.009306, score 4653
0.019214 -0.188489 -0.496333 -0.007709 fitness: 0.047332, score 23666

BEST GENE
0.477442 -0.190489 -0.867944 -0.004709 