
#####Generation n° 29#####
0.407000 -0.930581 -0.422131 -0.064801 fitness: 0.020896, score 10448
0.242451 -0.636843 -0.980618 -0.002709 fitness: 0.040432, score 20216
0.374444 -0.930581 -0.866944 -0.062801 fitness: 0.022504, score 11252
0.199162 -0.638843 -0.490333 -0.064801 fitness: 0.028840, score 14420
0.475442 -0.476354 -0.490333 -0.059801 fitness: 0.021552, score 10776
0.240451 -0.194489 -0.446289 -0.002709 fitness: 0.059544, score 29772
0.373444 -0.218684 -0.984618 -0.690109 fitness: 0.010394, score 5197
0.240451 -0.192489 -0.490333 -0.060801 fitness: 0.052762, score 26381
0.476442 -0.636843 -0.980618 -0.610842 fitness: 0.015676, score 7838
0.242451 -0.193489 -0.866944 -0.061801 fitness: 0.057216, score 28608
0.241451 -0.194489 -0.866944 -0.061801 fitness: 0.057216, score 28608
0.477442 -0.477354 -0.424131 -0.609842 fitness: 0.008630, score 4315
0.426215 -0.155346 -0.765239 -0.980124 fitness: 0.006964, score 3482
0.373444 -0.189489 -0.386807 -0.154260 fitness: 0.031468, score 15734
0.128180 -0.764656 -0.867944 -0.690109 fitness: 0.009850, score 4925
0.130180 -0.637843 -0.492333 -0.060801 fitness: 0.031678, score 15839
0.240451 -0.636843 -0.447289 -0.060801 fitness: 0.027600, score 13800
0.240451 -0.193489 -0.447289 -0.608842 fitness: 0.008572, score 4286
0.473442 -0.277339 -0.492333 -0.156260 fitness: 0.031220, score 15610
0.476442 -0.634843 -0.490333 -0.609842 fitness: 0.007390, score 3695
0.244451 -0.190489 -0.491333 -0.001709 fitness: 0.062058, score 31029
0.129180 -0.194489 -0.867944 -0.051081 fitness: 0.055324, score 27662
0.130180 -0.764656 -0.492333 -0.153260 fitness: 0.026922, score 13461
0.242451 -0.189489 -0.492333 -0.155260 fitness: 0.030484, score 15242
0.477442 -0.636843 -0.492333 -0.157260 fitness: 0.031602, score 15801

BEST GENE
0.244451 -0.190489 -0.491333 -0.001709 