
#####Generation n° 8#####
0.477442 -0.190489 -0.864944 -0.150260 fitness: 0.057460, score 28730
0.743100 -0.728907 -0.134563 -0.007709 fitness: 0.025038, score 12519
0.015214 -0.237690 -0.481435 -0.009709 fitness: 0.036342, score 18171
0.480442 -0.188489 -0.865944 -0.007709 fitness: 0.074176, score 37088
0.322215 -0.753105 -0.311640 -0.748434 fitness: 0.008884, score 4442
0.481442 -0.728907 -0.866944 -0.150260 fitness: 0.031218, score 15609
0.478442 -0.725907 -0.866944 -0.148260 fitness: 0.031218, score 15609
0.478442 -0.727907 -0.135563 -0.932151 fitness: 0.006024, score 3012
0.477442 -0.730907 -0.479435 -0.006709 fitness: 0.027458, score 13729
0.744099 -0.725907 -0.133563 -0.008709 fitness: 0.025144, score 12572
0.479442 -0.726907 -0.134563 -0.007709 fitness: 0.023012, score 11506
0.019214 -0.028196 -0.671248 -0.844334 fitness: 0.005212, score 2606
0.478826 -0.286953 -0.865944 -0.008709 fitness: 0.040002, score 20001
0.016214 -0.238690 -0.666248 -0.841334 fitness: 0.009440, score 4720
0.743100 -0.729907 -0.133563 -0.009709 fitness: 0.025038, score 12519
0.949504 -0.189489 -0.492333 -0.149260 fitness: 0.044878, score 22439
0.478442 -0.724907 -0.868944 -0.008709 fitness: 0.023116, score 11558
0.480442 -0.190489 -0.866944 -0.006709 fitness: 0.048988, score 24494
0.479442 -0.725907 -0.667248 -0.151260 fitness: 0.026964, score 13482
0.478442 -0.727907 -0.723706 -0.930151 fitness: 0.008308, score 4154
0.477442 -0.026196 -0.480435 -0.008709 fitness: 0.032602, score 16301
0.747099 -0.702216 -0.670248 -0.843334 fitness: 0.011618, score 5809
0.949504 -0.189489 -0.131563 -0.149260 fitness: 0.012190, score 6095
0.480442 -0.726907 -0.666248 -0.151260 fitness: 0.026964, score 13482
0.478442 -0.725907 -0.867944 -0.841334 fitness: 0.010974, score 5487

BEST GENE
0.480442 -0.188489 -0.865944 -0.007709 