
#####Generation n° 54#####
0.144929 -0.074479 -0.341367 -0.847588 fitness: 0.004020, score 2010
0.729118 -0.195489 -0.908055 -0.613842 fitness: 0.013238, score 6619
0.119740 -0.647615 -0.912055 -0.055081 fitness: 0.047218, score 23609
0.311970 -0.190943 -0.425827 -0.049081 fitness: 0.107002, score 53501
0.849330 -0.906675 -0.912055 -0.132114 fitness: 0.043646, score 21823
0.729118 -0.646615 -0.914055 -0.066031 fitness: 0.046982, score 23491
0.850330 -0.647615 -0.913055 -0.125114 fitness: 0.034562, score 17281
0.849330 -0.646615 -0.907055 -0.056081 fitness: 0.046080, score 23040
0.311970 -0.855126 -0.425827 -0.749488 fitness: 0.008362, score 4181
0.244451 -0.196489 -0.866944 -0.130114 fitness: 0.086624, score 43312
0.848330 -0.903675 -0.913055 -0.127114 fitness: 0.042896, score 21448
0.244451 -0.648615 -0.908055 -0.128114 fitness: 0.052182, score 26091
0.848330 -0.645615 -0.912055 -0.050081 fitness: 0.049176, score 24588
0.847330 -0.649615 -0.915055 -0.131114 fitness: 0.032966, score 16483
0.243451 -0.645615 -0.914055 -0.131114 fitness: 0.050250, score 25125
0.244451 -0.196489 -0.035739 -0.128114 fitness: 0.013828, score 6914
0.122740 -0.906675 -0.912055 -0.127114 fitness: 0.028048, score 14024
0.123740 -0.646615 -0.033739 -0.131114 fitness: 0.010530, score 5265
0.242451 -0.647615 -0.908055 -0.131114 fitness: 0.046352, score 23176
0.850330 -0.191943 -0.427827 -0.751488 fitness: 0.006204, score 3102
0.848330 -0.636843 -0.915055 -0.052081 fitness: 0.049176, score 24588
0.847330 -0.647615 -0.913055 -0.127114 fitness: 0.034562, score 17281
0.848330 -0.904675 -0.916055 -0.128114 fitness: 0.042896, score 21448
0.850330 -0.661627 -0.909055 -0.053081 fitness: 0.046080, score 23040
0.117740 -0.646615 -0.917055 -0.051081 fitness: 0.039502, score 19751

BEST GENE
0.311970 -0.190943 -0.425827 -0.049081 