
#####Generation n° 41#####
0.847330 -0.639843 -0.866944 -0.052081 fitness: 0.059984, score 29992
0.019147 -0.904675 -0.913055 -0.127114 fitness: 0.033676, score 16838
0.243451 -0.638843 -0.075176 -0.611842 fitness: 0.006644, score 3322
0.242451 -0.194489 -0.867944 -0.612842 fitness: 0.012250, score 6125
0.123740 -0.558431 -0.911055 -0.052081 fitness: 0.054852, score 27426
0.122740 -0.558431 -0.075176 -0.051081 fitness: 0.013866, score 6933
0.841245 -0.116948 -0.866944 -0.611842 fitness: 0.012570, score 6285
0.245451 -0.640843 -0.912055 -0.052081 fitness: 0.054972, score 27486
0.450233 -0.662627 -0.993741 -0.127114 fitness: 0.049864, score 24932
0.453233 -0.905675 -0.912055 -0.003252 fitness: 0.028018, score 14009
0.454233 -0.638843 -0.865944 -0.127114 fitness: 0.025652, score 12826
0.454233 -0.903675 -0.911055 -0.002252 fitness: 0.036834, score 18417
0.843245 -0.687301 -0.994741 -0.002709 fitness: 0.036184, score 18092
0.452233 -0.662627 -0.911055 -0.129114 fitness: 0.025198, score 12599
0.474442 -0.905675 -0.866944 -0.000709 fitness: 0.028954, score 14477
0.841245 -0.686301 -0.867944 -0.053081 fitness: 0.045350, score 22675
0.840245 -0.191489 -0.866944 -0.754304 fitness: 0.011176, score 5588
0.477838 -0.614855 -0.060189 -0.941217 fitness: 0.005086, score 2543
0.474442 -0.639843 -0.078176 -0.051081 fitness: 0.016544, score 8272
0.842245 -0.907675 -0.868944 -0.754304 fitness: 0.012570, score 6285
0.243451 -0.640843 -0.912055 -0.770724 fitness: 0.009228, score 4614
0.243451 -0.905675 -0.006002 -0.613842 fitness: 0.006980, score 3490
0.843245 -0.647615 -0.866944 -0.752304 fitness: 0.013200, score 6600
0.454233 -0.192489 -0.075176 -0.053081 fitness: 0.017642, score 8821
0.020147 -0.191489 -0.078176 -0.127114 fitness: 0.008444, score 4222

BEST GENE
0.847330 -0.639843 -0.866944 -0.052081 