
#####Generation n° 49#####
0.849330 -0.904675 -0.910055 -0.055081 fitness: 0.032774, score 16387
0.122740 -0.904675 -0.911055 -0.055081 fitness: 0.038004, score 19002
0.126740 -0.638843 -0.865944 -0.052081 fitness: 0.043972, score 21986
0.121740 -0.193489 -0.913055 -0.128114 fitness: 0.070240, score 35120
0.122740 -0.637843 -0.909055 -0.053081 fitness: 0.039260, score 19630
0.850330 -0.195489 -0.912055 -0.128114 fitness: 0.096378, score 48189
0.849330 -0.640843 -0.866944 -0.052081 fitness: 0.033354, score 16677
0.848330 -0.687301 -0.914055 -0.050081 fitness: 0.055586, score 27793
0.847330 -0.689301 -0.914055 -0.614842 fitness: 0.014294, score 7147
0.850330 -0.639843 -0.866944 -0.613842 fitness: 0.013124, score 6562
0.121740 -0.635843 -0.913055 -0.054081 fitness: 0.039260, score 19630
0.850330 -0.195489 -0.913055 -0.129114 fitness: 0.083954, score 41977
0.245451 -0.635843 -0.911055 -0.053081 fitness: 0.049258, score 24629
0.243451 -0.195489 -0.863944 -0.051081 fitness: 0.081702, score 40851
0.848330 -0.195489 -0.863944 -0.050081 fitness: 0.121312, score 60656
0.841245 -0.660627 -0.913055 -0.051081 fitness: 0.057596, score 28798
0.850330 -0.660627 -0.863944 -0.612842 fitness: 0.014610, score 7305
0.245451 -0.659627 -0.910055 -0.053081 fitness: 0.048272, score 24136
0.848330 -0.647615 -0.913055 -0.051081 fitness: 0.053778, score 26889
0.311630 -0.903817 -0.086043 -0.237038 fitness: 0.007134, score 3567
0.243451 -0.649615 -0.865944 -0.053081 fitness: 0.054524, score 27262
0.849330 -0.195489 -0.912055 -0.129114 fitness: 0.083954, score 41977
0.121740 -0.647615 -0.909055 -0.054081 fitness: 0.036978, score 18489
0.245451 -0.195489 -0.912055 -0.129114 fitness: 0.067458, score 33729
0.847330 -0.906675 -0.910055 -0.049081 fitness: 0.032694, score 16347

BEST GENE
0.848330 -0.195489 -0.863944 -0.050081 