
#####Generation n° 30#####
0.476442 -0.635843 -0.981618 -0.611842 fitness: 0.016956, score 8478
0.472442 -0.635843 -0.447289 -0.157260 fitness: 0.026178, score 13089
0.426215 -0.194489 -0.766239 -0.052081 fitness: 0.074620, score 37310
0.476442 -0.476354 -0.490333 -0.060801 fitness: 0.019784, score 9892
0.241451 -0.637843 -0.491333 -0.063801 fitness: 0.034712, score 17356
0.243451 -0.931581 -0.979618 -0.063801 fitness: 0.025270, score 12635
0.129180 -0.763656 -0.492333 -0.154260 fitness: 0.033406, score 16703
0.241451 -0.189489 -0.866944 -0.061801 fitness: 0.024462, score 12231
0.476442 -0.477354 -0.491333 -0.060801 fitness: 0.019318, score 9659
0.130180 -0.763656 -0.493333 -0.051081 fitness: 0.034592, score 17296
0.243451 -0.192489 -0.865944 -0.003709 fitness: 0.073538, score 36769
0.473442 -0.188489 -0.493333 -0.156260 fitness: 0.033986, score 16993
0.198162 -0.763656 -0.491333 -0.065801 fitness: 0.033294, score 16647
0.473442 -0.195489 -0.865944 -0.155260 fitness: 0.047036, score 23518
0.245451 -0.156346 -0.766239 -0.000709 fitness: 0.070688, score 35344
0.128180 -0.194489 -0.866944 -0.050081 fitness: 0.046526, score 23263
0.241451 -0.189489 -0.865944 -0.001709 fitness: 0.070944, score 35472
0.240451 -0.637843 -0.867944 -0.060801 fitness: 0.034956, score 17478
0.131180 -0.764656 -0.491333 -0.153260 fitness: 0.033406, score 16703
0.129180 -0.636843 -0.493333 -0.609842 fitness: 0.007960, score 3980
0.477442 -0.765656 -0.981618 -0.691109 fitness: 0.012966, score 6483
0.241451 -0.217684 -0.983618 -0.155260 fitness: 0.047992, score 23996
0.128180 -0.764656 -0.448289 -0.689109 fitness: 0.005010, score 2505
0.477442 -0.636843 -0.492333 -0.610842 fitness: 0.007960, score 3980
0.474442 -0.278339 -0.979618 -0.611842 fitness: 0.014978, score 7489

BEST GENE
0.426215 -0.194489 -0.766239 -0.052081 