
#####Generation n° 7#####
0.948504 -0.725907 -0.132563 -0.437170 fitness: 0.011160, score 5580
0.478442 -0.727907 -0.722706 -0.931151 fitness: 0.009250, score 4625
0.478826 -0.027196 -0.133563 -0.277754 fitness: 0.006316, score 3158
0.018214 -0.029196 -0.670248 -0.843334 fitness: 0.005034, score 2517
0.480442 -0.026196 -0.666248 -0.276754 fitness: 0.059240, score 29620
0.478442 -0.724907 -0.480435 -0.007709 fitness: 0.033278, score 16639
0.479442 -0.189489 -0.867944 -0.148260 fitness: 0.076738, score 38369
0.012214 -0.699216 -0.866944 -0.008709 fitness: 0.036534, score 18267
0.949504 -0.726907 -0.134563 -0.006709 fitness: 0.033888, score 16944
0.372908 -0.188489 -0.493333 -0.150260 fitness: 0.049000, score 24500
0.015214 -0.237690 -0.865944 -0.008709 fitness: 0.042664, score 21332
0.480826 -0.726907 -0.134563 -0.008709 fitness: 0.037528, score 18764
0.480442 -0.727907 -0.667248 -0.150260 fitness: 0.028480, score 14240
0.479826 -0.285953 -0.868944 -0.149260 fitness: 0.049166, score 24583
0.480826 -0.026196 -0.866944 -0.841334 fitness: 0.009126, score 4563
0.480442 -0.704216 -0.667248 -0.010709 fitness: 0.035402, score 17701
0.744099 -0.729907 -0.134563 -0.008709 fitness: 0.040892, score 20446
0.478442 -0.189489 -0.865944 -0.149260 fitness: 0.068808, score 34404
0.949504 -0.188489 -0.132563 -0.149260 fitness: 0.011880, score 5940
0.479442 -0.189489 -0.866944 -0.007709 fitness: 0.061722, score 30861
0.746099 -0.702216 -0.866944 -0.007709 fitness: 0.050760, score 25380
0.016214 -0.239690 -0.493333 -0.842334 fitness: 0.005696, score 2848
0.479442 -0.726907 -0.667248 -0.151260 fitness: 0.028480, score 14240
0.745099 -0.724907 -0.480435 -0.840334 fitness: 0.009288, score 4644
0.678730 -0.195626 -0.492333 -0.008709 fitness: 0.052608, score 26304

BEST GENE
0.479442 -0.189489 -0.867944 -0.148260 