
#####Generation n° 26#####
0.128180 -0.762656 -0.074385 -0.050081 fitness: 0.011130, score 5565
0.240451 -0.637843 -0.492333 -0.155260 fitness: 0.030358, score 15179
0.406000 -0.930581 -0.388807 -0.682621 fitness: 0.007088, score 3544
0.374444 -0.221684 -0.439824 -0.691109 fitness: 0.006290, score 3145
0.240451 -0.190489 -0.494333 -0.011709 fitness: 0.064094, score 32047
0.474442 -0.478354 -0.422131 -0.682621 fitness: 0.005714, score 2857
0.241451 -0.278339 -0.388807 -0.156260 fitness: 0.031400, score 15700
0.771170 -0.732907 -0.460064 -0.608842 fitness: 0.007718, score 3859
0.726990 -0.779244 -0.073385 -0.682621 fitness: 0.007374, score 3687
0.201162 -0.478354 -0.423131 -0.152260 fitness: 0.025134, score 12567
0.242451 -0.811767 -0.491333 -0.153260 fitness: 0.021642, score 10821
0.242451 -0.734907 -0.865944 -0.062801 fitness: 0.035768, score 17884
0.242451 -0.811767 -0.865944 -0.002709 fitness: 0.036260, score 18130
0.241451 -0.777244 -0.423131 -0.012709 fitness: 0.028880, score 14440
0.019214 -0.190489 -0.492333 -0.006709 fitness: 0.064212, score 32106
0.241451 -0.279339 -0.866944 -0.155260 fitness: 0.078394, score 39197
0.475442 -0.192489 -0.422131 -0.012709 fitness: 0.080892, score 40446
0.200162 -0.190489 -0.422131 -0.005709 fitness: 0.053298, score 26649
0.241451 -0.193489 -0.444289 -0.061801 fitness: 0.053732, score 26866
0.473442 -0.186489 -0.491333 -0.154260 fitness: 0.030266, score 15133
0.477442 -0.637843 -0.981618 -0.061801 fitness: 0.031260, score 15630
0.476442 -0.190489 -0.981618 -0.001709 fitness: 0.047048, score 23524
0.476442 -0.188489 -0.982618 -0.002709 fitness: 0.047048, score 23524
0.241451 -0.731907 -0.478435 -0.012709 fitness: 0.028062, score 14031
0.476442 -0.478354 -0.421131 -0.051081 fitness: 0.040184, score 20092

BEST GENE
0.475442 -0.192489 -0.422131 -0.012709 