
#####Generation n° 45#####
0.243451 -0.906675 -0.869944 -0.610842 fitness: 0.010510, score 5255
0.844245 -0.660627 -0.079176 -0.131114 fitness: 0.011376, score 5688
0.244451 -0.196489 -0.909055 -0.051081 fitness: 0.057018, score 28509
0.242451 -0.639843 -0.913055 -0.613842 fitness: 0.012510, score 6255
0.122740 -0.648615 -0.866944 -0.127114 fitness: 0.039348, score 19674
0.594995 -0.666627 -0.993741 -0.130114 fitness: 0.036528, score 18264
0.122740 -0.685301 -0.867944 -0.056081 fitness: 0.052588, score 26294
0.123740 -0.647615 -0.866944 -0.000709 fitness: 0.036850, score 18425
0.245451 -0.644615 -0.866944 -0.126114 fitness: 0.040270, score 20135
0.843245 -0.648615 -0.910055 -0.128114 fitness: 0.049592, score 24796
0.242451 -0.194489 -0.908055 -0.051081 fitness: 0.056992, score 28496
0.245451 -0.908675 -0.864944 -0.608842 fitness: 0.010510, score 5255
0.244451 -0.905675 -0.865944 -0.130114 fitness: 0.029380, score 14690
0.242451 -0.646615 -0.909055 -0.051081 fitness: 0.047024, score 23512
0.241451 -0.194489 -0.913055 -0.050081 fitness: 0.056992, score 28496
0.243451 -0.644615 -0.864944 -0.052081 fitness: 0.044288, score 22144
0.245451 -0.637843 -0.865944 -0.126114 fitness: 0.040270, score 20135
0.849330 -0.638843 -0.865944 -0.130114 fitness: 0.032558, score 16279
0.242451 -0.686301 -0.867944 -0.610842 fitness: 0.011458, score 5729
0.122740 -0.659627 -0.079176 -0.054081 fitness: 0.014840, score 7420
0.844245 -0.664627 -0.865944 -0.130114 fitness: 0.035706, score 17853
0.845245 -0.689301 -0.868944 -0.128114 fitness: 0.040998, score 20499
0.123740 -0.648615 -0.868944 -0.128114 fitness: 0.039348, score 19674
0.452233 -0.685301 -0.865944 -0.054081 fitness: 0.034538, score 17269
0.243451 -0.638843 -0.868944 -0.053081 fitness: 0.044634, score 22317

BEST GENE
0.244451 -0.196489 -0.909055 -0.051081 