
#####Generation n° 31#####
0.478442 -0.636843 -0.982618 -0.609842 fitness: 0.015936, score 7968
0.243451 -0.762656 -0.979618 -0.052081 fitness: 0.055390, score 27695
0.130180 -0.763656 -0.867944 -0.061801 fitness: 0.056700, score 28350
0.130180 -0.764656 -0.494333 -0.611842 fitness: 0.007896, score 3948
0.240451 -0.188489 -0.866944 -0.610842 fitness: 0.012086, score 6043
0.241451 -0.189489 -0.446289 -0.156260 fitness: 0.036410, score 18205
0.472442 -0.932581 -0.980618 -0.062801 fitness: 0.036820, score 18410
0.129180 -0.218684 -0.866944 -0.049081 fitness: 0.131220, score 65610
0.244451 -0.765656 -0.978618 -0.688109 fitness: 0.011184, score 5592
0.477442 -0.638843 -0.868944 -0.059801 fitness: 0.043888, score 21944
0.243451 -0.193489 -0.866944 -0.002709 fitness: 0.110386, score 55193
0.474442 -0.193489 -0.767239 -0.053081 fitness: 0.050472, score 25236
0.241451 -0.637843 -0.979618 -0.062801 fitness: 0.048886, score 24443
0.242451 -0.764656 -0.866944 -0.152260 fitness: 0.042422, score 21211
0.244451 -0.156346 -0.765239 -0.001709 fitness: 0.103882, score 51941
0.475442 -0.477354 -0.489333 -0.066801 fitness: 0.033838, score 16919
0.241451 -0.637843 -0.979618 -0.062801 fitness: 0.048886, score 24443
0.198162 -0.763656 -0.864944 -0.002709 fitness: 0.045298, score 22649
0.477442 -0.635843 -0.983618 -0.610842 fitness: 0.015936, score 7968
0.130180 -0.635843 -0.492333 -0.002709 fitness: 0.033894, score 16947
0.426215 -0.195489 -0.766239 -0.051081 fitness: 0.119614, score 59807
0.130180 -0.188489 -0.864944 -0.051081 fitness: 0.079342, score 39671
0.244451 -0.763656 -0.447289 -0.688109 fitness: 0.007518, score 3759
0.473442 -0.194489 -0.766239 -0.154260 fitness: 0.073376, score 36688
0.443687 -0.113948 -0.010574 -0.826052 fitness: 0.003540, score 1770

BEST GENE
0.129180 -0.218684 -0.866944 -0.049081 