
#####Generation n° 52#####
0.843245 -0.904675 -0.910055 -0.052081 fitness: 0.019166, score 9583
0.245451 -0.635843 -0.908055 -0.129114 fitness: 0.034232, score 17116
0.848330 -0.648615 -0.915055 -0.048081 fitness: 0.028738, score 14369
0.847330 -0.646615 -0.913055 -0.049081 fitness: 0.028738, score 14369
0.246451 -0.196489 -0.915055 -0.129114 fitness: 0.084674, score 42337
0.119740 -0.647615 -0.913055 -0.056081 fitness: 0.029734, score 14867
0.849330 -0.903675 -0.913055 -0.126114 fitness: 0.025158, score 12579
0.850330 -0.646615 -0.914055 -0.054081 fitness: 0.042166, score 21083
0.849330 -0.904675 -0.913055 -0.126114 fitness: 0.025158, score 12579
0.245451 -0.648615 -0.913055 -0.051081 fitness: 0.031822, score 15911
0.244451 -0.646615 -0.910055 -0.056081 fitness: 0.029358, score 14679
0.243451 -0.903675 -0.909055 -0.129114 fitness: 0.032968, score 16484
0.848330 -0.907675 -0.915055 -0.050081 fitness: 0.019166, score 9583
0.849330 -0.197489 -0.909055 -0.053081 fitness: 0.086742, score 43371
0.243451 -0.193489 -0.910055 -0.131114 fitness: 0.111214, score 55607
0.120740 -0.639843 -0.866944 -0.052081 fitness: 0.029734, score 14867
0.849330 -0.661627 -0.867944 -0.613842 fitness: 0.013470, score 6735
0.245451 -0.196489 -0.913055 -0.130114 fitness: 0.059678, score 29839
0.122740 -0.193489 -0.909055 -0.131114 fitness: 0.091044, score 45522
0.846330 -0.904675 -0.913055 -0.127114 fitness: 0.025158, score 12579
0.729118 -0.855126 -0.076309 -0.066031 fitness: 0.018208, score 9104
0.849330 -0.647615 -0.915055 -0.054081 fitness: 0.042166, score 21083
0.122740 -0.638843 -0.915055 -0.051081 fitness: 0.028662, score 14331
0.850330 -0.647615 -0.908055 -0.053081 fitness: 0.042166, score 21083
0.246451 -0.647615 -0.914055 -0.128114 fitness: 0.034232, score 17116

BEST GENE
0.243451 -0.193489 -0.910055 -0.131114 