
#####Generation n° 56#####
0.311970 -0.190943 -0.915055 -0.064031 fitness: 0.086194, score 43097
0.729118 -0.904675 -0.910055 -0.126114 fitness: 0.041264, score 20632
0.728118 -0.905675 -0.914055 -0.128114 fitness: 0.041264, score 20632
0.242451 -0.649615 -0.865944 -0.050081 fitness: 0.044484, score 22242
0.847330 -0.905675 -0.913055 -0.131114 fitness: 0.039412, score 19706
0.728118 -0.904675 -0.913055 -0.126114 fitness: 0.041264, score 20632
0.729118 -0.648615 -0.914055 -0.127114 fitness: 0.037026, score 18513
0.851330 -0.903675 -0.912055 -0.126114 fitness: 0.048820, score 24410
0.118740 -0.646615 -0.914055 -0.055081 fitness: 0.043946, score 21973
0.848330 -0.646615 -0.912055 -0.130114 fitness: 0.041554, score 20777
0.729118 -0.645615 -0.913055 -0.066031 fitness: 0.037928, score 18964
0.243451 -0.196489 -0.866944 -0.051081 fitness: 0.082662, score 41331
0.243451 -0.904675 -0.911055 -0.131114 fitness: 0.036410, score 18205
0.254774 -0.533675 -0.598348 -0.739590 fitness: 0.008266, score 4133
0.978730 -0.511051 -0.361561 -0.363453 fitness: 0.016356, score 8178
0.847330 -0.195489 -0.912055 -0.132114 fitness: 0.085030, score 42515
0.121740 -0.645615 -0.913055 -0.125114 fitness: 0.034920, score 17460
0.727118 -0.646615 -0.913055 -0.128114 fitness: 0.037026, score 18513
0.849330 -0.902675 -0.913055 -0.129114 fitness: 0.048820, score 24410
0.850330 -0.905675 -0.908055 -0.130114 fitness: 0.039544, score 19772
0.729118 -0.904675 -0.913055 -0.129114 fitness: 0.041264, score 20632
0.847330 -0.651615 -0.864944 -0.130114 fitness: 0.034432, score 17216
0.848330 -0.901675 -0.912055 -0.127114 fitness: 0.048820, score 24410
0.057354 -0.402594 -0.650212 -0.745618 fitness: 0.007120, score 3560
0.848330 -0.647615 -0.917055 -0.130114 fitness: 0.041554, score 20777

BEST GENE
0.311970 -0.190943 -0.915055 -0.064031 