
#####Generation n° 5#####
0.745099 -0.728907 -0.670248 -0.842334 fitness: 0.008242, score 4121
0.478826 -0.287953 -0.134563 -0.436170 fitness: 0.007032, score 3516
0.371908 -0.726907 -0.668248 -0.006709 fitness: 0.029804, score 14902
0.016214 -0.027196 -0.867944 -0.278754 fitness: 0.042800, score 21400
0.372908 -0.194626 -0.720706 -0.932151 fitness: 0.005804, score 2902
0.015214 -0.237690 -0.492333 -0.933151 fitness: 0.004462, score 2231
0.014214 -0.702216 -0.491333 -0.006709 fitness: 0.026000, score 13000
0.478442 -0.246190 -0.112627 -0.842334 fitness: 0.003858, score 1929
0.478442 -0.244190 -0.111627 -0.006709 fitness: 0.030084, score 15042
0.747099 -0.029196 -0.669248 -0.279754 fitness: 0.043050, score 21525
0.480826 -0.724907 -0.480435 -0.008709 fitness: 0.038040, score 19020
0.677730 -0.730907 -0.865944 -0.824139 fitness: 0.009852, score 4926
0.372908 -0.237690 -0.720706 -0.842334 fitness: 0.008850, score 4425
0.747099 -0.194626 -0.434960 -0.935574 fitness: 0.005736, score 2868
0.949504 -0.726907 -0.134563 -0.842334 fitness: 0.008324, score 4162
0.479442 -0.190489 -0.670248 -0.150260 fitness: 0.049736, score 24868
0.678730 -0.728907 -0.672248 -0.008709 fitness: 0.036202, score 18101
0.015214 -0.729907 -0.493333 -0.005709 fitness: 0.025742, score 12871
0.479442 -0.287953 -0.867944 -0.842334 fitness: 0.006792, score 3396
0.678730 -0.186432 -0.868944 -0.005709 fitness: 0.067732, score 33866
0.820113 -0.577939 -0.036143 -0.448745 fitness: 0.008680, score 4340
0.491434 -0.701216 -0.867944 -0.006709 fitness: 0.032522, score 16261
0.677730 -0.729907 -0.867944 -0.826139 fitness: 0.009852, score 4926
0.479826 -0.195626 -0.434960 -0.280754 fitness: 0.012800, score 6400
0.479442 -0.190489 -0.863944 -0.005709 fitness: 0.039310, score 19655

BEST GENE
0.678730 -0.186432 -0.868944 -0.005709 