
#####Generation n° 3#####
0.479442 -0.289953 -0.303633 -0.841334 fitness: 0.004598, score 2299
0.797585 -0.828318 -0.669248 -0.473726 fitness: 0.011638, score 5819
0.479826 -0.027196 -0.867944 -0.435170 fitness: 0.016064, score 8032
0.949504 -0.829318 -0.398853 -0.004709 fitness: 0.032760, score 16380
0.678730 -0.729907 -0.867944 -0.006709 fitness: 0.044914, score 22457
0.298549 -0.239690 -0.721706 -0.932151 fitness: 0.007716, score 3858
0.678730 -0.187489 -0.865944 -0.004709 fitness: 0.054756, score 27378
0.025572 -0.565172 -0.057659 -0.149260 fitness: 0.009224, score 4612
0.478442 -0.727907 -0.671248 -0.840334 fitness: 0.006944, score 3472
0.480442 -0.188489 -0.135563 -0.841334 fitness: 0.003070, score 1535
0.016214 -0.246190 -0.491333 -0.450834 fitness: 0.011682, score 5841
0.370908 -0.188489 -0.866944 -0.149260 fitness: 0.074902, score 37451
0.017214 -0.565172 -0.479435 -0.149260 fitness: 0.026720, score 13360
0.679730 -0.248190 -0.865944 -0.007709 fitness: 0.073036, score 36518
0.679730 -0.989894 -0.720706 -0.006709 fitness: 0.049252, score 24626
0.147748 -0.246190 -0.481435 -0.361321 fitness: 0.011280, score 5640
0.796585 -0.287953 -0.134563 -0.842334 fitness: 0.004112, score 2056
0.479442 -0.288953 -0.135563 -0.841334 fitness: 0.004510, score 2255
0.679730 -0.726907 -0.669248 -0.008709 fitness: 0.027466, score 13733
0.679730 -0.700216 -0.867944 -0.824139 fitness: 0.013670, score 6835
0.063232 -0.245190 -0.111627 -0.280754 fitness: 0.005898, score 2949
0.064232 -0.029196 -0.394853 -0.433170 fitness: 0.005066, score 2533
0.064232 -0.186432 -0.584378 -0.449834 fitness: 0.010178, score 5089
0.745099 -0.726907 -0.669248 -0.007709 fitness: 0.025682, score 12841
0.064232 -0.184432 -0.492333 -0.451834 fitness: 0.008236, score 4118

BEST GENE
0.370908 -0.188489 -0.866944 -0.149260 