
#####Generation n° 35#####
0.243451 -0.632843 -0.766239 -0.060801 fitness: 0.051680, score 25840
0.127180 -0.217684 -0.765239 -0.608842 fitness: 0.011450, score 5725
0.129180 -0.633843 -0.765239 -0.607842 fitness: 0.017042, score 8521
0.442687 -0.116948 -0.865944 -0.944051 fitness: 0.008326, score 4163
0.475442 -0.634843 -0.864944 -0.609842 fitness: 0.014122, score 7061
0.241370 -0.100792 -0.931296 -0.584729 fitness: 0.013426, score 6713
0.244451 -0.632843 -0.867944 -0.610842 fitness: 0.012732, score 6366
0.475442 -0.635843 -0.867944 -0.610842 fitness: 0.014122, score 7061
0.477442 -0.763656 -0.863944 -0.051081 fitness: 0.054624, score 27312
0.476442 -0.635843 -0.866944 -0.052081 fitness: 0.042948, score 21474
0.244451 -0.194489 -0.768239 -0.827052 fitness: 0.007346, score 3673
0.473442 -0.636843 -0.865944 0.000291 fitness: 0.028394, score 14197
0.128180 -0.218684 -0.866944 -0.051081 fitness: 0.073014, score 36507
0.477442 -0.196489 -0.767239 -0.827052 fitness: 0.007374, score 3687
0.474442 -0.634843 -0.867944 -0.611842 fitness: 0.014122, score 7061
0.922539 -0.684669 -0.911055 -0.299777 fitness: 0.030192, score 15096
0.241451 -0.196489 -0.864944 -0.058801 fitness: 0.041450, score 20725
0.263469 -0.763656 -0.767239 -0.051081 fitness: 0.048390, score 24195
0.245451 -0.764656 -0.866944 0.000291 fitness: 0.020900, score 10450
0.069934 -0.661627 -0.992741 -0.941822 fitness: 0.011190, score 5595
0.086620 -0.219684 -0.866944 -0.907352 fitness: 0.007292, score 3646
0.130180 -0.189489 -0.863944 -0.003709 fitness: 0.054106, score 27053
0.475442 -0.191489 -0.864944 -0.000709 fitness: 0.108592, score 54296
0.244451 -0.763656 -0.865944 -0.004709 fitness: 0.037850, score 18925
0.242451 -0.634843 -0.867944 -0.048081 fitness: 0.054886, score 27443

BEST GENE
0.475442 -0.191489 -0.864944 -0.000709 